2.998884582519531250e+02,1.009792327880859375e+02,9.105914831161499023e-01,3.078926696777343750e+02,1.813560485839843750e+02,8.240867853164672852e-01,2.456334381103515625e+02,1.832495880126953125e+02,8.201273083686828613e-01,1.994024047851562500e+02,2.858348083496093750e+02,7.951485514640808105e-01,2.335356292724609375e+02,2.536930999755859375e+02,8.191541433334350586e-01,3.662062377929687500e+02,1.753168640136718750e+02,7.781273126602172852e-01,4.466037597656250000e+02,2.456666870117187500e+02,7.918100357055664062e-01,5.390924072265625000e+02,2.055080413818359375e+02,8.140234947204589844e-01,2.979547119140625000e+02,3.782570495605468750e+02,6.246162056922912598e-01,2.517508544921875000e+02,3.782314147949218750e+02,5.929960608482360840e-01,0.000000000000000000e+00,0.000000000000000000e+00,0.000000000000000000e+00,0.000000000000000000e+00,0.000000000000000000e+00,0.000000000000000000e+00,3.441833801269531250e+02,3.782991638183593750e+02,5.964394211769104004e-01,0.000000000000000000e+00,0.000000000000000000e+00,0.000000000000000000e+00,0.000000000000000000e+00,0.000000000000000000e+00,0.000000000000000000e+00,2.838866882324218750e+02,8.699077606201171875e+01,9.153071641921997070e-01,3.139454040527343750e+02,8.690445709228515625e+01,9.642204046249389648e-01,2.657811279296875000e+02,1.029117965698242188e+02,8.187305331230163574e-01,3.320258178710937500e+02,9.495186614990234375e+01,7.592356204986572266e-01,0.000000000000000000e+00,0.000000000000000000e+00,0.000000000000000000e+00,0.000000000000000000e+00,0.000000000000000000e+00,0.000000000000000000e+00,0.000000000000000000e+00,0.000000000000000000e+00,0.000000000000000000e+00,0.000000000000000000e+00,0.000000000000000000e+00,0.000000000000000000e+00,0.000000000000000000e+00,0.000000000000000000e+00,0.000000000000000000e+00,0.000000000000000000e+00,0.000000000000000000e+00,0.000000000000000000e+00
3.000000000000000000e+02,1.010000000000000000e+02,1.000000000000000000e+00,3.080000000000000000e+02,1.810000000000000000e+02,1.000000000000000000e+00,2.460000000000000000e+02,1.830000000000000000e+02,1.000000000000000000e+00,2.000000000000000000e+02,2.840000000000000000e+02,1.000000000000000000e+00,2.350000000000000000e+02,2.470000000000000000e+02,1.000000000000000000e+00,3.660000000000000000e+02,1.750000000000000000e+02,1.000000000000000000e+00,4.480000000000000000e+02,2.440000000000000000e+02,1.000000000000000000e+00,5.410000000000000000e+02,2.020000000000000000e+02,1.000000000000000000e+00,2.980000000000000000e+02,3.780000000000000000e+02,1.000000000000000000e+00,2.520000000000000000e+02,3.780000000000000000e+02,1.000000000000000000e+00,4.740295410156250000e-01,9.389305114746093750e-01,0.000000000000000000e+00,4.740295410156250000e-01,9.389305114746093750e-01,0.000000000000000000e+00,3.440000000000000000e+02,3.780000000000000000e+02,1.000000000000000000e+00,4.740295410156250000e-01,9.389305114746093750e-01,0.000000000000000000e+00,4.740295410156250000e-01,9.389305114746093750e-01,0.000000000000000000e+00,2.830000000000000000e+02,8.700000000000000000e+01,1.000000000000000000e+00,3.130000000000000000e+02,8.700000000000000000e+01,1.000000000000000000e+00,2.650000000000000000e+02,1.030000000000000000e+02,1.000000000000000000e+00,3.320000000000000000e+02,9.500000000000000000e+01,1.000000000000000000e+00,4.740295410156250000e-01,9.389305114746093750e-01,0.000000000000000000e+00,4.740295410156250000e-01,9.389305114746093750e-01,0.000000000000000000e+00,4.740295410156250000e-01,9.389305114746093750e-01,0.000000000000000000e+00,4.740295410156250000e-01,9.389305114746093750e-01,0.000000000000000000e+00,4.740295410156250000e-01,9.389305114746093750e-01,0.000000000000000000e+00,4.740295410156250000e-01,9.389305114746093750e-01,0.000000000000000000e+00
3.000000000000000000e+02,1.010000000000000000e+02,1.000000000000000000e+00,3.080000000000000000e+02,1.810000000000000000e+02,1.000000000000000000e+00,2.460000000000000000e+02,1.830000000000000000e+02,1.000000000000000000e+00,2.020000000000000000e+02,2.840000000000000000e+02,1.000000000000000000e+00,2.460000000000000000e+02,2.360000000000000000e+02,1.000000000000000000e+00,3.660000000000000000e+02,1.750000000000000000e+02,1.000000000000000000e+00,4.500000000000000000e+02,2.410000000000000000e+02,1.000000000000000000e+00,5.430000000000000000e+02,1.990000000000000000e+02,1.000000000000000000e+00,2.970000000000000000e+02,3.780000000000000000e+02,1.000000000000000000e+00,2.520000000000000000e+02,3.780000000000000000e+02,1.000000000000000000e+00,1.337080001831054688e-01,-1.329938888549804688e+00,0.000000000000000000e+00,1.337080001831054688e-01,-1.329938888549804688e+00,0.000000000000000000e+00,3.440000000000000000e+02,3.780000000000000000e+02,1.000000000000000000e+00,1.337080001831054688e-01,-1.329938888549804688e+00,0.000000000000000000e+00,1.337080001831054688e-01,-1.329938888549804688e+00,0.000000000000000000e+00,2.830000000000000000e+02,8.700000000000000000e+01,1.000000000000000000e+00,3.120000000000000000e+02,8.700000000000000000e+01,1.000000000000000000e+00,2.650000000000000000e+02,1.030000000000000000e+02,1.000000000000000000e+00,3.320000000000000000e+02,9.500000000000000000e+01,1.000000000000000000e+00,1.337080001831054688e-01,-1.329938888549804688e+00,0.000000000000000000e+00,1.337080001831054688e-01,-1.329938888549804688e+00,0.000000000000000000e+00,1.337080001831054688e-01,-1.329938888549804688e+00,0.000000000000000000e+00,1.337080001831054688e-01,-1.329938888549804688e+00,0.000000000000000000e+00,1.337080001831054688e-01,-1.329938888549804688e+00,0.000000000000000000e+00,1.337080001831054688e-01,-1.329938888549804688e+00,0.000000000000000000e+00
2.990000000000000000e+02,1.010000000000000000e+02,1.000000000000000000e+00,3.080000000000000000e+02,1.810000000000000000e+02,1.000000000000000000e+00,2.460000000000000000e+02,1.830000000000000000e+02,1.000000000000000000e+00,2.020000000000000000e+02,2.840000000000000000e+02,1.000000000000000000e+00,2.460000000000000000e+02,2.310000000000000000e+02,1.000000000000000000e+00,3.660000000000000000e+02,1.750000000000000000e+02,1.000000000000000000e+00,4.550000000000000000e+02,2.360000000000000000e+02,1.000000000000000000e+00,5.490000000000000000e+02,1.960000000000000000e+02,1.000000000000000000e+00,2.970000000000000000e+02,3.780000000000000000e+02,1.000000000000000000e+00,2.520000000000000000e+02,3.780000000000000000e+02,1.000000000000000000e+00,-4.171867370605468750e-01,-7.855310440063476562e-01,0.000000000000000000e+00,-4.171867370605468750e-01,-7.855310440063476562e-01,0.000000000000000000e+00,3.450000000000000000e+02,3.780000000000000000e+02,1.000000000000000000e+00,-4.171867370605468750e-01,-7.855310440063476562e-01,0.000000000000000000e+00,-4.171867370605468750e-01,-7.855310440063476562e-01,0.000000000000000000e+00,2.820000000000000000e+02,8.700000000000000000e+01,1.000000000000000000e+00,3.120000000000000000e+02,8.700000000000000000e+01,1.000000000000000000e+00,2.650000000000000000e+02,1.030000000000000000e+02,1.000000000000000000e+00,3.320000000000000000e+02,9.500000000000000000e+01,1.000000000000000000e+00,-4.171867370605468750e-01,-7.855310440063476562e-01,0.000000000000000000e+00,-4.171867370605468750e-01,-7.855310440063476562e-01,0.000000000000000000e+00,-4.171867370605468750e-01,-7.855310440063476562e-01,0.000000000000000000e+00,-4.171867370605468750e-01,-7.855310440063476562e-01,0.000000000000000000e+00,-4.171867370605468750e-01,-7.855310440063476562e-01,0.000000000000000000e+00,-4.171867370605468750e-01,-7.855310440063476562e-01,0.000000000000000000e+00
2.990000000000000000e+02,1.010000000000000000e+02,1.000000000000000000e+00,3.080000000000000000e+02,1.810000000000000000e+02,1.000000000000000000e+00,2.460000000000000000e+02,1.830000000000000000e+02,1.000000000000000000e+00,2.020000000000000000e+02,2.840000000000000000e+02,1.000000000000000000e+00,2.440000000000000000e+02,2.320000000000000000e+02,1.000000000000000000e+00,3.660000000000000000e+02,1.750000000000000000e+02,1.000000000000000000e+00,4.570000000000000000e+02,2.320000000000000000e+02,1.000000000000000000e+00,5.520000000000000000e+02,1.910000000000000000e+02,1.000000000000000000e+00,2.970000000000000000e+02,3.780000000000000000e+02,1.000000000000000000e+00,2.540000000000000000e+02,3.780000000000000000e+02,1.000000000000000000e+00,-6.426477432250976562e-01,-9.381809234619140625e-01,0.000000000000000000e+00,-6.426477432250976562e-01,-9.381809234619140625e-01,0.000000000000000000e+00,3.450000000000000000e+02,3.780000000000000000e+02,1.000000000000000000e+00,-6.426477432250976562e-01,-9.381809234619140625e-01,0.000000000000000000e+00,-6.426477432250976562e-01,-9.381809234619140625e-01,0.000000000000000000e+00,2.820000000000000000e+02,8.700000000000000000e+01,1.000000000000000000e+00,3.120000000000000000e+02,8.700000000000000000e+01,1.000000000000000000e+00,2.650000000000000000e+02,1.030000000000000000e+02,1.000000000000000000e+00,3.320000000000000000e+02,9.500000000000000000e+01,1.000000000000000000e+00,-6.426477432250976562e-01,-9.381809234619140625e-01,0.000000000000000000e+00,-6.426477432250976562e-01,-9.381809234619140625e-01,0.000000000000000000e+00,-6.426477432250976562e-01,-9.381809234619140625e-01,0.000000000000000000e+00,-6.426477432250976562e-01,-9.381809234619140625e-01,0.000000000000000000e+00,-6.426477432250976562e-01,-9.381809234619140625e-01,0.000000000000000000e+00,-6.426477432250976562e-01,-9.381809234619140625e-01,0.000000000000000000e+00
2.990000000000000000e+02,1.010000000000000000e+02,1.000000000000000000e+00,3.080000000000000000e+02,1.810000000000000000e+02,1.000000000000000000e+00,2.460000000000000000e+02,1.830000000000000000e+02,1.000000000000000000e+00,2.010000000000000000e+02,2.830000000000000000e+02,1.000000000000000000e+00,2.460000000000000000e+02,2.250000000000000000e+02,1.000000000000000000e+00,3.660000000000000000e+02,1.750000000000000000e+02,1.000000000000000000e+00,4.600000000000000000e+02,2.280000000000000000e+02,1.000000000000000000e+00,5.550000000000000000e+02,1.850000000000000000e+02,1.000000000000000000e+00,2.970000000000000000e+02,3.780000000000000000e+02,1.000000000000000000e+00,2.530000000000000000e+02,3.780000000000000000e+02,1.000000000000000000e+00,-3.175334930419921875e-01,-2.246637344360351562e+00,0.000000000000000000e+00,-3.175334930419921875e-01,-2.246637344360351562e+00,0.000000000000000000e+00,3.440000000000000000e+02,3.780000000000000000e+02,1.000000000000000000e+00,-3.175334930419921875e-01,-2.246637344360351562e+00,0.000000000000000000e+00,-3.175334930419921875e-01,-2.246637344360351562e+00,0.000000000000000000e+00,2.810000000000000000e+02,8.700000000000000000e+01,1.000000000000000000e+00,3.120000000000000000e+02,8.700000000000000000e+01,1.000000000000000000e+00,2.640000000000000000e+02,1.030000000000000000e+02,1.000000000000000000e+00,3.320000000000000000e+02,9.500000000000000000e+01,1.000000000000000000e+00,-3.175334930419921875e-01,-2.246637344360351562e+00,0.000000000000000000e+00,-3.175334930419921875e-01,-2.246637344360351562e+00,0.000000000000000000e+00,-3.175334930419921875e-01,-2.246637344360351562e+00,0.000000000000000000e+00,-3.175334930419921875e-01,-2.246637344360351562e+00,0.000000000000000000e+00,-3.175334930419921875e-01,-2.246637344360351562e+00,0.000000000000000000e+00,-3.175334930419921875e-01,-2.246637344360351562e+00,0.000000000000000000e+00
2.990000000000000000e+02,1.010000000000000000e+02,1.000000000000000000e+00,3.080000000000000000e+02,1.810000000000000000e+02,1.000000000000000000e+00,2.460000000000000000e+02,1.820000000000000000e+02,1.000000000000000000e+00,2.020000000000000000e+02,2.800000000000000000e+02,1.000000000000000000e+00,2.470000000000000000e+02,2.190000000000000000e+02,1.000000000000000000e+00,3.660000000000000000e+02,1.740000000000000000e+02,1.000000000000000000e+00,4.620000000000000000e+02,2.230000000000000000e+02,1.000000000000000000e+00,5.560000000000000000e+02,1.810000000000000000e+02,1.000000000000000000e+00,2.970000000000000000e+02,3.780000000000000000e+02,1.000000000000000000e+00,2.530000000000000000e+02,3.780000000000000000e+02,1.000000000000000000e+00,2.005310058593750000e-01,-4.298721313476562500e+00,0.000000000000000000e+00,2.005310058593750000e-01,-4.298721313476562500e+00,0.000000000000000000e+00,3.440000000000000000e+02,3.780000000000000000e+02,1.000000000000000000e+00,2.005310058593750000e-01,-4.298721313476562500e+00,0.000000000000000000e+00,2.005310058593750000e-01,-4.298721313476562500e+00,0.000000000000000000e+00,2.810000000000000000e+02,8.700000000000000000e+01,1.000000000000000000e+00,3.120000000000000000e+02,8.700000000000000000e+01,1.000000000000000000e+00,2.640000000000000000e+02,1.030000000000000000e+02,1.000000000000000000e+00,3.320000000000000000e+02,9.500000000000000000e+01,1.000000000000000000e+00,2.005310058593750000e-01,-4.298721313476562500e+00,0.000000000000000000e+00,2.005310058593750000e-01,-4.298721313476562500e+00,0.000000000000000000e+00,2.005310058593750000e-01,-4.298721313476562500e+00,0.000000000000000000e+00,2.005310058593750000e-01,-4.298721313476562500e+00,0.000000000000000000e+00,2.005310058593750000e-01,-4.298721313476562500e+00,0.000000000000000000e+00,2.005310058593750000e-01,-4.298721313476562500e+00,0.000000000000000000e+00
2.990000000000000000e+02,1.010000000000000000e+02,1.000000000000000000e+00,3.070000000000000000e+02,1.800000000000000000e+02,1.000000000000000000e+00,2.450000000000000000e+02,1.800000000000000000e+02,1.000000000000000000e+00,2.010000000000000000e+02,2.800000000000000000e+02,1.000000000000000000e+00,2.480000000000000000e+02,2.140000000000000000e+02,1.000000000000000000e+00,3.660000000000000000e+02,1.740000000000000000e+02,1.000000000000000000e+00,4.640000000000000000e+02,2.180000000000000000e+02,1.000000000000000000e+00,5.580000000000000000e+02,1.740000000000000000e+02,1.000000000000000000e+00,2.970000000000000000e+02,3.780000000000000000e+02,1.000000000000000000e+00,2.540000000000000000e+02,3.780000000000000000e+02,1.000000000000000000e+00,3.402395248413085938e-01,-1.821199417114257812e+00,0.000000000000000000e+00,3.402395248413085938e-01,-1.821199417114257812e+00,0.000000000000000000e+00,3.450000000000000000e+02,3.780000000000000000e+02,1.000000000000000000e+00,3.402395248413085938e-01,-1.821199417114257812e+00,0.000000000000000000e+00,3.402395248413085938e-01,-1.821199417114257812e+00,0.000000000000000000e+00,2.810000000000000000e+02,8.700000000000000000e+01,1.000000000000000000e+00,3.120000000000000000e+02,8.700000000000000000e+01,1.000000000000000000e+00,2.640000000000000000e+02,1.030000000000000000e+02,1.000000000000000000e+00,3.320000000000000000e+02,9.500000000000000000e+01,1.000000000000000000e+00,3.402395248413085938e-01,-1.821199417114257812e+00,0.000000000000000000e+00,3.402395248413085938e-01,-1.821199417114257812e+00,0.000000000000000000e+00,3.402395248413085938e-01,-1.821199417114257812e+00,0.000000000000000000e+00,3.402395248413085938e-01,-1.821199417114257812e+00,0.000000000000000000e+00,3.402395248413085938e-01,-1.821199417114257812e+00,0.000000000000000000e+00,3.402395248413085938e-01,-1.821199417114257812e+00,0.000000000000000000e+00
2.990000000000000000e+02,1.010000000000000000e+02,1.000000000000000000e+00,3.060000000000000000e+02,1.800000000000000000e+02,1.000000000000000000e+00,2.440000000000000000e+02,1.790000000000000000e+02,1.000000000000000000e+00,2.020000000000000000e+02,2.790000000000000000e+02,1.000000000000000000e+00,2.490000000000000000e+02,2.110000000000000000e+02,1.000000000000000000e+00,3.640000000000000000e+02,1.730000000000000000e+02,1.000000000000000000e+00,4.650000000000000000e+02,2.140000000000000000e+02,1.000000000000000000e+00,5.580000000000000000e+02,1.670000000000000000e+02,1.000000000000000000e+00,2.970000000000000000e+02,3.780000000000000000e+02,1.000000000000000000e+00,2.540000000000000000e+02,3.780000000000000000e+02,1.000000000000000000e+00,1.145105361938476562e-01,-1.639110183715820312e+01,0.000000000000000000e+00,1.145105361938476562e-01,-1.639110183715820312e+01,0.000000000000000000e+00,3.450000000000000000e+02,3.780000000000000000e+02,1.000000000000000000e+00,1.145105361938476562e-01,-1.639110183715820312e+01,0.000000000000000000e+00,1.145105361938476562e-01,-1.639110183715820312e+01,0.000000000000000000e+00,2.810000000000000000e+02,8.700000000000000000e+01,1.000000000000000000e+00,3.120000000000000000e+02,8.700000000000000000e+01,1.000000000000000000e+00,2.640000000000000000e+02,1.030000000000000000e+02,1.000000000000000000e+00,3.320000000000000000e+02,9.500000000000000000e+01,1.000000000000000000e+00,1.145105361938476562e-01,-1.639110183715820312e+01,0.000000000000000000e+00,1.145105361938476562e-01,-1.639110183715820312e+01,0.000000000000000000e+00,1.145105361938476562e-01,-1.639110183715820312e+01,0.000000000000000000e+00,1.145105361938476562e-01,-1.639110183715820312e+01,0.000000000000000000e+00,1.145105361938476562e-01,-1.639110183715820312e+01,0.000000000000000000e+00,1.145105361938476562e-01,-1.639110183715820312e+01,0.000000000000000000e+00
2.990000000000000000e+02,1.010000000000000000e+02,1.000000000000000000e+00,3.050000000000000000e+02,1.800000000000000000e+02,1.000000000000000000e+00,2.440000000000000000e+02,1.780000000000000000e+02,1.000000000000000000e+00,2.030000000000000000e+02,2.780000000000000000e+02,1.000000000000000000e+00,2.500000000000000000e+02,2.090000000000000000e+02,1.000000000000000000e+00,3.640000000000000000e+02,1.730000000000000000e+02,1.000000000000000000e+00,4.660000000000000000e+02,2.100000000000000000e+02,1.000000000000000000e+00,5.560000000000000000e+02,1.630000000000000000e+02,1.000000000000000000e+00,2.970000000000000000e+02,3.780000000000000000e+02,1.000000000000000000e+00,2.540000000000000000e+02,3.780000000000000000e+02,1.000000000000000000e+00,6.491451263427734375e-01,-1.565356063842773438e+01,0.000000000000000000e+00,6.491451263427734375e-01,-1.565356063842773438e+01,0.000000000000000000e+00,3.450000000000000000e+02,3.780000000000000000e+02,1.000000000000000000e+00,6.491451263427734375e-01,-1.565356063842773438e+01,0.000000000000000000e+00,6.491451263427734375e-01,-1.565356063842773438e+01,0.000000000000000000e+00,2.810000000000000000e+02,8.700000000000000000e+01,1.000000000000000000e+00,3.120000000000000000e+02,8.700000000000000000e+01,1.000000000000000000e+00,2.640000000000000000e+02,1.030000000000000000e+02,1.000000000000000000e+00,3.320000000000000000e+02,9.500000000000000000e+01,1.000000000000000000e+00,6.491451263427734375e-01,-1.565356063842773438e+01,0.000000000000000000e+00,6.491451263427734375e-01,-1.565356063842773438e+01,0.000000000000000000e+00,6.491451263427734375e-01,-1.565356063842773438e+01,0.000000000000000000e+00,6.491451263427734375e-01,-1.565356063842773438e+01,0.000000000000000000e+00,6.491451263427734375e-01,-1.565356063842773438e+01,0.000000000000000000e+00,6.491451263427734375e-01,-1.565356063842773438e+01,0.000000000000000000e+00
2.990000000000000000e+02,1.010000000000000000e+02,1.000000000000000000e+00,3.040000000000000000e+02,1.800000000000000000e+02,1.000000000000000000e+00,2.440000000000000000e+02,1.780000000000000000e+02,1.000000000000000000e+00,2.030000000000000000e+02,2.800000000000000000e+02,1.000000000000000000e+00,2.510000000000000000e+02,2.090000000000000000e+02,1.000000000000000000e+00,3.640000000000000000e+02,1.730000000000000000e+02,1.000000000000000000e+00,4.640000000000000000e+02,2.070000000000000000e+02,1.000000000000000000e+00,5.550000000000000000e+02,1.600000000000000000e+02,1.000000000000000000e+00,2.970000000000000000e+02,3.780000000000000000e+02,1.000000000000000000e+00,2.540000000000000000e+02,3.780000000000000000e+02,1.000000000000000000e+00,6.415348052978515625e-01,-1.629793930053710938e+01,0.000000000000000000e+00,6.415348052978515625e-01,-1.629793930053710938e+01,0.000000000000000000e+00,3.450000000000000000e+02,3.780000000000000000e+02,1.000000000000000000e+00,6.415348052978515625e-01,-1.629793930053710938e+01,0.000000000000000000e+00,6.415348052978515625e-01,-1.629793930053710938e+01,0.000000000000000000e+00,2.810000000000000000e+02,8.700000000000000000e+01,1.000000000000000000e+00,3.120000000000000000e+02,8.700000000000000000e+01,1.000000000000000000e+00,2.640000000000000000e+02,1.030000000000000000e+02,1.000000000000000000e+00,3.320000000000000000e+02,9.500000000000000000e+01,1.000000000000000000e+00,6.415348052978515625e-01,-1.629793930053710938e+01,0.000000000000000000e+00,6.415348052978515625e-01,-1.629793930053710938e+01,0.000000000000000000e+00,6.415348052978515625e-01,-1.629793930053710938e+01,0.000000000000000000e+00,6.415348052978515625e-01,-1.629793930053710938e+01,0.000000000000000000e+00,6.415348052978515625e-01,-1.629793930053710938e+01,0.000000000000000000e+00,6.415348052978515625e-01,-1.629793930053710938e+01,0.000000000000000000e+00
2.990000000000000000e+02,1.010000000000000000e+02,1.000000000000000000e+00,3.050000000000000000e+02,1.800000000000000000e+02,1.000000000000000000e+00,2.450000000000000000e+02,1.790000000000000000e+02,1.000000000000000000e+00,2.040000000000000000e+02,2.820000000000000000e+02,1.000000000000000000e+00,2.530000000000000000e+02,2.110000000000000000e+02,1.000000000000000000e+00,3.640000000000000000e+02,1.730000000000000000e+02,1.000000000000000000e+00,4.640000000000000000e+02,2.040000000000000000e+02,1.000000000000000000e+00,5.540000000000000000e+02,1.550000000000000000e+02,1.000000000000000000e+00,2.970000000000000000e+02,3.780000000000000000e+02,1.000000000000000000e+00,2.540000000000000000e+02,3.780000000000000000e+02,1.000000000000000000e+00,7.377166748046875000e-01,-1.678176116943359375e+01,0.000000000000000000e+00,7.377166748046875000e-01,-1.678176116943359375e+01,0.000000000000000000e+00,3.450000000000000000e+02,3.780000000000000000e+02,1.000000000000000000e+00,7.377166748046875000e-01,-1.678176116943359375e+01,0.000000000000000000e+00,7.377166748046875000e-01,-1.678176116943359375e+01,0.000000000000000000e+00,2.810000000000000000e+02,8.700000000000000000e+01,1.000000000000000000e+00,3.120000000000000000e+02,8.700000000000000000e+01,1.000000000000000000e+00,2.640000000000000000e+02,1.030000000000000000e+02,1.000000000000000000e+00,3.320000000000000000e+02,9.500000000000000000e+01,1.000000000000000000e+00,7.377166748046875000e-01,-1.678176116943359375e+01,0.000000000000000000e+00,7.377166748046875000e-01,-1.678176116943359375e+01,0.000000000000000000e+00,7.377166748046875000e-01,-1.678176116943359375e+01,0.000000000000000000e+00,7.377166748046875000e-01,-1.678176116943359375e+01,0.000000000000000000e+00,7.377166748046875000e-01,-1.678176116943359375e+01,0.000000000000000000e+00,7.377166748046875000e-01,-1.678176116943359375e+01,0.000000000000000000e+00
2.990000000000000000e+02,1.010000000000000000e+02,1.000000000000000000e+00,3.020000000000000000e+02,1.810000000000000000e+02,1.000000000000000000e+00,2.470000000000000000e+02,1.800000000000000000e+02,1.000000000000000000e+00,2.030000000000000000e+02,2.840000000000000000e+02,1.000000000000000000e+00,2.530000000000000000e+02,2.190000000000000000e+02,1.000000000000000000e+00,3.630000000000000000e+02,1.730000000000000000e+02,1.000000000000000000e+00,4.640000000000000000e+02,2.020000000000000000e+02,1.000000000000000000e+00,5.450000000000000000e+02,1.590000000000000000e+02,1.000000000000000000e+00,2.970000000000000000e+02,3.780000000000000000e+02,1.000000000000000000e+00,2.540000000000000000e+02,3.780000000000000000e+02,1.000000000000000000e+00,1.311714172363281250e+00,-1.619798278808593750e+01,0.000000000000000000e+00,1.311714172363281250e+00,-1.619798278808593750e+01,0.000000000000000000e+00,3.450000000000000000e+02,3.780000000000000000e+02,1.000000000000000000e+00,1.311714172363281250e+00,-1.619798278808593750e+01,0.000000000000000000e+00,1.311714172363281250e+00,-1.619798278808593750e+01,0.000000000000000000e+00,2.810000000000000000e+02,8.700000000000000000e+01,1.000000000000000000e+00,3.120000000000000000e+02,8.700000000000000000e+01,1.000000000000000000e+00,2.640000000000000000e+02,1.030000000000000000e+02,1.000000000000000000e+00,3.320000000000000000e+02,9.500000000000000000e+01,1.000000000000000000e+00,1.311714172363281250e+00,-1.619798278808593750e+01,0.000000000000000000e+00,1.311714172363281250e+00,-1.619798278808593750e+01,0.000000000000000000e+00,1.311714172363281250e+00,-1.619798278808593750e+01,0.000000000000000000e+00,1.311714172363281250e+00,-1.619798278808593750e+01,0.000000000000000000e+00,1.311714172363281250e+00,-1.619798278808593750e+01,0.000000000000000000e+00,1.311714172363281250e+00,-1.619798278808593750e+01,0.000000000000000000e+00
2.990000000000000000e+02,1.010000000000000000e+02,1.000000000000000000e+00,3.010000000000000000e+02,1.810000000000000000e+02,1.000000000000000000e+00,2.480000000000000000e+02,1.810000000000000000e+02,1.000000000000000000e+00,2.030000000000000000e+02,2.850000000000000000e+02,1.000000000000000000e+00,2.570000000000000000e+02,2.290000000000000000e+02,1.000000000000000000e+00,3.630000000000000000e+02,1.730000000000000000e+02,1.000000000000000000e+00,4.670000000000000000e+02,2.000000000000000000e+02,1.000000000000000000e+00,5.490000000000000000e+02,1.550000000000000000e+02,1.000000000000000000e+00,2.970000000000000000e+02,3.780000000000000000e+02,1.000000000000000000e+00,2.540000000000000000e+02,3.780000000000000000e+02,1.000000000000000000e+00,2.067029953002929688e+00,-1.469497680664062500e+01,0.000000000000000000e+00,2.067029953002929688e+00,-1.469497680664062500e+01,0.000000000000000000e+00,3.450000000000000000e+02,3.780000000000000000e+02,1.000000000000000000e+00,2.067029953002929688e+00,-1.469497680664062500e+01,0.000000000000000000e+00,2.067029953002929688e+00,-1.469497680664062500e+01,0.000000000000000000e+00,2.810000000000000000e+02,8.700000000000000000e+01,1.000000000000000000e+00,3.120000000000000000e+02,8.700000000000000000e+01,1.000000000000000000e+00,2.640000000000000000e+02,1.030000000000000000e+02,1.000000000000000000e+00,3.320000000000000000e+02,9.500000000000000000e+01,1.000000000000000000e+00,2.067029953002929688e+00,-1.469497680664062500e+01,0.000000000000000000e+00,2.067029953002929688e+00,-1.469497680664062500e+01,0.000000000000000000e+00,2.067029953002929688e+00,-1.469497680664062500e+01,0.000000000000000000e+00,2.067029953002929688e+00,-1.469497680664062500e+01,0.000000000000000000e+00,2.067029953002929688e+00,-1.469497680664062500e+01,0.000000000000000000e+00,2.067029953002929688e+00,-1.469497680664062500e+01,0.000000000000000000e+00
2.990000000000000000e+02,1.010000000000000000e+02,1.000000000000000000e+00,3.020000000000000000e+02,1.810000000000000000e+02,1.000000000000000000e+00,2.480000000000000000e+02,1.820000000000000000e+02,1.000000000000000000e+00,2.020000000000000000e+02,2.870000000000000000e+02,1.000000000000000000e+00,2.670000000000000000e+02,2.390000000000000000e+02,1.000000000000000000e+00,3.630000000000000000e+02,1.730000000000000000e+02,1.000000000000000000e+00,4.670000000000000000e+02,1.990000000000000000e+02,1.000000000000000000e+00,5.510000000000000000e+02,1.510000000000000000e+02,1.000000000000000000e+00,2.970000000000000000e+02,3.780000000000000000e+02,1.000000000000000000e+00,2.540000000000000000e+02,3.780000000000000000e+02,1.000000000000000000e+00,1.095657348632812500e+00,-1.477924728393554688e+01,0.000000000000000000e+00,1.095657348632812500e+00,-1.477924728393554688e+01,0.000000000000000000e+00,3.450000000000000000e+02,3.780000000000000000e+02,1.000000000000000000e+00,1.095657348632812500e+00,-1.477924728393554688e+01,0.000000000000000000e+00,1.095657348632812500e+00,-1.477924728393554688e+01,0.000000000000000000e+00,2.810000000000000000e+02,8.700000000000000000e+01,1.000000000000000000e+00,3.120000000000000000e+02,8.700000000000000000e+01,1.000000000000000000e+00,2.640000000000000000e+02,1.030000000000000000e+02,1.000000000000000000e+00,3.320000000000000000e+02,9.600000000000000000e+01,1.000000000000000000e+00,1.095657348632812500e+00,-1.477924728393554688e+01,0.000000000000000000e+00,1.095657348632812500e+00,-1.477924728393554688e+01,0.000000000000000000e+00,1.095657348632812500e+00,-1.477924728393554688e+01,0.000000000000000000e+00,1.095657348632812500e+00,-1.477924728393554688e+01,0.000000000000000000e+00,1.095657348632812500e+00,-1.477924728393554688e+01,0.000000000000000000e+00,1.095657348632812500e+00,-1.477924728393554688e+01,0.000000000000000000e+00
2.990000000000000000e+02,1.010000000000000000e+02,1.000000000000000000e+00,3.020000000000000000e+02,1.810000000000000000e+02,1.000000000000000000e+00,2.480000000000000000e+02,1.830000000000000000e+02,1.000000000000000000e+00,1.970000000000000000e+02,2.780000000000000000e+02,1.000000000000000000e+00,2.520000000000000000e+02,2.640000000000000000e+02,1.000000000000000000e+00,3.630000000000000000e+02,1.730000000000000000e+02,1.000000000000000000e+00,4.670000000000000000e+02,1.980000000000000000e+02,1.000000000000000000e+00,5.520000000000000000e+02,1.510000000000000000e+02,1.000000000000000000e+00,2.970000000000000000e+02,3.780000000000000000e+02,1.000000000000000000e+00,2.540000000000000000e+02,3.780000000000000000e+02,1.000000000000000000e+00,1.970176696777343750e-01,-2.187983322143554688e+01,0.000000000000000000e+00,1.970176696777343750e-01,-2.187983322143554688e+01,0.000000000000000000e+00,3.450000000000000000e+02,3.780000000000000000e+02,1.000000000000000000e+00,1.970176696777343750e-01,-2.187983322143554688e+01,0.000000000000000000e+00,1.970176696777343750e-01,-2.187983322143554688e+01,0.000000000000000000e+00,2.810000000000000000e+02,8.700000000000000000e+01,1.000000000000000000e+00,3.120000000000000000e+02,8.700000000000000000e+01,1.000000000000000000e+00,2.640000000000000000e+02,1.030000000000000000e+02,1.000000000000000000e+00,3.320000000000000000e+02,9.600000000000000000e+01,1.000000000000000000e+00,1.970176696777343750e-01,-2.187983322143554688e+01,0.000000000000000000e+00,1.970176696777343750e-01,-2.187983322143554688e+01,0.000000000000000000e+00,1.970176696777343750e-01,-2.187983322143554688e+01,0.000000000000000000e+00,1.970176696777343750e-01,-2.187983322143554688e+01,0.000000000000000000e+00,1.970176696777343750e-01,-2.187983322143554688e+01,0.000000000000000000e+00,1.970176696777343750e-01,-2.187983322143554688e+01,0.000000000000000000e+00
2.990000000000000000e+02,1.020000000000000000e+02,1.000000000000000000e+00,3.010000000000000000e+02,1.810000000000000000e+02,1.000000000000000000e+00,2.480000000000000000e+02,1.830000000000000000e+02,1.000000000000000000e+00,1.990000000000000000e+02,2.680000000000000000e+02,1.000000000000000000e+00,2.170000000000000000e+02,2.780000000000000000e+02,1.000000000000000000e+00,3.630000000000000000e+02,1.730000000000000000e+02,1.000000000000000000e+00,4.670000000000000000e+02,1.970000000000000000e+02,1.000000000000000000e+00,5.530000000000000000e+02,1.510000000000000000e+02,1.000000000000000000e+00,2.980000000000000000e+02,3.780000000000000000e+02,1.000000000000000000e+00,2.540000000000000000e+02,3.780000000000000000e+02,1.000000000000000000e+00,-6.159591674804687500e-02,-2.239334869384765625e+01,0.000000000000000000e+00,-6.159591674804687500e-02,-2.239334869384765625e+01,0.000000000000000000e+00,3.470000000000000000e+02,3.780000000000000000e+02,1.000000000000000000e+00,-6.159591674804687500e-02,-2.239334869384765625e+01,0.000000000000000000e+00,-6.159591674804687500e-02,-2.239334869384765625e+01,0.000000000000000000e+00,2.810000000000000000e+02,8.700000000000000000e+01,1.000000000000000000e+00,3.120000000000000000e+02,8.700000000000000000e+01,1.000000000000000000e+00,2.640000000000000000e+02,1.030000000000000000e+02,1.000000000000000000e+00,3.320000000000000000e+02,9.600000000000000000e+01,1.000000000000000000e+00,-6.159591674804687500e-02,-2.239334869384765625e+01,0.000000000000000000e+00,-6.159591674804687500e-02,-2.239334869384765625e+01,0.000000000000000000e+00,-6.159591674804687500e-02,-2.239334869384765625e+01,0.000000000000000000e+00,-6.159591674804687500e-02,-2.239334869384765625e+01,0.000000000000000000e+00,-6.159591674804687500e-02,-2.239334869384765625e+01,0.000000000000000000e+00,-6.159591674804687500e-02,-2.239334869384765625e+01,0.000000000000000000e+00
2.980000000000000000e+02,1.020000000000000000e+02,1.000000000000000000e+00,3.010000000000000000e+02,1.810000000000000000e+02,1.000000000000000000e+00,2.470000000000000000e+02,1.830000000000000000e+02,1.000000000000000000e+00,2.020000000000000000e+02,2.700000000000000000e+02,1.000000000000000000e+00,2.720000000000000000e+02,2.860000000000000000e+02,1.000000000000000000e+00,3.630000000000000000e+02,1.730000000000000000e+02,1.000000000000000000e+00,4.670000000000000000e+02,1.960000000000000000e+02,1.000000000000000000e+00,5.520000000000000000e+02,1.510000000000000000e+02,1.000000000000000000e+00,2.990000000000000000e+02,3.780000000000000000e+02,1.000000000000000000e+00,2.530000000000000000e+02,3.780000000000000000e+02,1.000000000000000000e+00,4.914722442626953125e-01,-2.118387603759765625e+01,0.000000000000000000e+00,4.914722442626953125e-01,-2.118387603759765625e+01,0.000000000000000000e+00,3.460000000000000000e+02,3.780000000000000000e+02,1.000000000000000000e+00,4.914722442626953125e-01,-2.118387603759765625e+01,0.000000000000000000e+00,4.914722442626953125e-01,-2.118387603759765625e+01,0.000000000000000000e+00,2.810000000000000000e+02,8.700000000000000000e+01,1.000000000000000000e+00,3.120000000000000000e+02,8.700000000000000000e+01,1.000000000000000000e+00,2.640000000000000000e+02,1.030000000000000000e+02,1.000000000000000000e+00,3.310000000000000000e+02,9.900000000000000000e+01,1.000000000000000000e+00,4.914722442626953125e-01,-2.118387603759765625e+01,0.000000000000000000e+00,4.914722442626953125e-01,-2.118387603759765625e+01,0.000000000000000000e+00,4.914722442626953125e-01,-2.118387603759765625e+01,0.000000000000000000e+00,4.914722442626953125e-01,-2.118387603759765625e+01,0.000000000000000000e+00,4.914722442626953125e-01,-2.118387603759765625e+01,0.000000000000000000e+00,4.914722442626953125e-01,-2.118387603759765625e+01,0.000000000000000000e+00
2.980000000000000000e+02,1.020000000000000000e+02,1.000000000000000000e+00,3.010000000000000000e+02,1.810000000000000000e+02,1.000000000000000000e+00,2.470000000000000000e+02,1.830000000000000000e+02,1.000000000000000000e+00,2.010000000000000000e+02,2.750000000000000000e+02,1.000000000000000000e+00,2.700000000000000000e+02,2.920000000000000000e+02,1.000000000000000000e+00,3.630000000000000000e+02,1.730000000000000000e+02,1.000000000000000000e+00,4.680000000000000000e+02,1.950000000000000000e+02,1.000000000000000000e+00,5.520000000000000000e+02,1.510000000000000000e+02,1.000000000000000000e+00,2.960000000000000000e+02,3.780000000000000000e+02,1.000000000000000000e+00,2.520000000000000000e+02,3.780000000000000000e+02,1.000000000000000000e+00,7.761497497558593750e-01,-2.037091064453125000e+01,0.000000000000000000e+00,7.761497497558593750e-01,-2.037091064453125000e+01,0.000000000000000000e+00,3.460000000000000000e+02,3.780000000000000000e+02,1.000000000000000000e+00,7.761497497558593750e-01,-2.037091064453125000e+01,0.000000000000000000e+00,7.761497497558593750e-01,-2.037091064453125000e+01,0.000000000000000000e+00,2.810000000000000000e+02,8.700000000000000000e+01,1.000000000000000000e+00,3.120000000000000000e+02,8.700000000000000000e+01,1.000000000000000000e+00,2.640000000000000000e+02,1.030000000000000000e+02,1.000000000000000000e+00,3.310000000000000000e+02,9.900000000000000000e+01,1.000000000000000000e+00,7.761497497558593750e-01,-2.037091064453125000e+01,0.000000000000000000e+00,7.761497497558593750e-01,-2.037091064453125000e+01,0.000000000000000000e+00,7.761497497558593750e-01,-2.037091064453125000e+01,0.000000000000000000e+00,7.761497497558593750e-01,-2.037091064453125000e+01,0.000000000000000000e+00,7.761497497558593750e-01,-2.037091064453125000e+01,0.000000000000000000e+00,7.761497497558593750e-01,-2.037091064453125000e+01,0.000000000000000000e+00
2.980000000000000000e+02,1.010000000000000000e+02,1.000000000000000000e+00,3.010000000000000000e+02,1.810000000000000000e+02,1.000000000000000000e+00,2.470000000000000000e+02,1.830000000000000000e+02,1.000000000000000000e+00,2.000000000000000000e+02,2.740000000000000000e+02,1.000000000000000000e+00,2.660000000000000000e+02,2.860000000000000000e+02,1.000000000000000000e+00,3.630000000000000000e+02,1.730000000000000000e+02,1.000000000000000000e+00,4.670000000000000000e+02,1.950000000000000000e+02,1.000000000000000000e+00,5.520000000000000000e+02,1.510000000000000000e+02,1.000000000000000000e+00,2.960000000000000000e+02,3.780000000000000000e+02,1.000000000000000000e+00,2.510000000000000000e+02,3.780000000000000000e+02,1.000000000000000000e+00,8.312397003173828125e-01,-2.094456863403320312e+01,0.000000000000000000e+00,8.312397003173828125e-01,-2.094456863403320312e+01,0.000000000000000000e+00,3.460000000000000000e+02,3.780000000000000000e+02,1.000000000000000000e+00,8.312397003173828125e-01,-2.094456863403320312e+01,0.000000000000000000e+00,8.312397003173828125e-01,-2.094456863403320312e+01,0.000000000000000000e+00,2.810000000000000000e+02,8.600000000000000000e+01,1.000000000000000000e+00,3.120000000000000000e+02,8.700000000000000000e+01,1.000000000000000000e+00,2.640000000000000000e+02,1.030000000000000000e+02,1.000000000000000000e+00,3.310000000000000000e+02,9.900000000000000000e+01,1.000000000000000000e+00,8.312397003173828125e-01,-2.094456863403320312e+01,0.000000000000000000e+00,8.312397003173828125e-01,-2.094456863403320312e+01,0.000000000000000000e+00,8.312397003173828125e-01,-2.094456863403320312e+01,0.000000000000000000e+00,8.312397003173828125e-01,-2.094456863403320312e+01,0.000000000000000000e+00,8.312397003173828125e-01,-2.094456863403320312e+01,0.000000000000000000e+00,8.312397003173828125e-01,-2.094456863403320312e+01,0.000000000000000000e+00
2.980000000000000000e+02,1.000000000000000000e+02,1.000000000000000000e+00,3.010000000000000000e+02,1.810000000000000000e+02,1.000000000000000000e+00,2.470000000000000000e+02,1.830000000000000000e+02,1.000000000000000000e+00,1.990000000000000000e+02,2.700000000000000000e+02,1.000000000000000000e+00,2.630000000000000000e+02,2.740000000000000000e+02,1.000000000000000000e+00,3.630000000000000000e+02,1.730000000000000000e+02,1.000000000000000000e+00,4.670000000000000000e+02,1.950000000000000000e+02,1.000000000000000000e+00,5.500000000000000000e+02,1.510000000000000000e+02,1.000000000000000000e+00,2.960000000000000000e+02,3.780000000000000000e+02,1.000000000000000000e+00,2.500000000000000000e+02,3.780000000000000000e+02,1.000000000000000000e+00,1.048835754394531250e+00,-1.954489135742187500e+01,0.000000000000000000e+00,1.048835754394531250e+00,-1.954489135742187500e+01,0.000000000000000000e+00,3.460000000000000000e+02,3.780000000000000000e+02,1.000000000000000000e+00,1.048835754394531250e+00,-1.954489135742187500e+01,0.000000000000000000e+00,1.048835754394531250e+00,-1.954489135742187500e+01,0.000000000000000000e+00,2.810000000000000000e+02,8.500000000000000000e+01,1.000000000000000000e+00,3.120000000000000000e+02,8.600000000000000000e+01,1.000000000000000000e+00,2.640000000000000000e+02,1.020000000000000000e+02,1.000000000000000000e+00,3.310000000000000000e+02,9.800000000000000000e+01,1.000000000000000000e+00,1.048835754394531250e+00,-1.954489135742187500e+01,0.000000000000000000e+00,1.048835754394531250e+00,-1.954489135742187500e+01,0.000000000000000000e+00,1.048835754394531250e+00,-1.954489135742187500e+01,0.000000000000000000e+00,1.048835754394531250e+00,-1.954489135742187500e+01,0.000000000000000000e+00,1.048835754394531250e+00,-1.954489135742187500e+01,0.000000000000000000e+00,1.048835754394531250e+00,-1.954489135742187500e+01,0.000000000000000000e+00
2.980000000000000000e+02,9.900000000000000000e+01,1.000000000000000000e+00,3.010000000000000000e+02,1.810000000000000000e+02,1.000000000000000000e+00,2.460000000000000000e+02,1.820000000000000000e+02,1.000000000000000000e+00,1.970000000000000000e+02,2.800000000000000000e+02,1.000000000000000000e+00,2.520000000000000000e+02,2.640000000000000000e+02,1.000000000000000000e+00,3.630000000000000000e+02,1.730000000000000000e+02,1.000000000000000000e+00,4.670000000000000000e+02,1.950000000000000000e+02,1.000000000000000000e+00,5.530000000000000000e+02,1.500000000000000000e+02,1.000000000000000000e+00,2.990000000000000000e+02,3.780000000000000000e+02,1.000000000000000000e+00,2.510000000000000000e+02,3.780000000000000000e+02,1.000000000000000000e+00,7.374382019042968750e-01,-1.944293975830078125e+01,0.000000000000000000e+00,7.374382019042968750e-01,-1.944293975830078125e+01,0.000000000000000000e+00,3.460000000000000000e+02,3.780000000000000000e+02,1.000000000000000000e+00,7.374382019042968750e-01,-1.944293975830078125e+01,0.000000000000000000e+00,7.374382019042968750e-01,-1.944293975830078125e+01,0.000000000000000000e+00,2.810000000000000000e+02,8.400000000000000000e+01,1.000000000000000000e+00,3.120000000000000000e+02,8.500000000000000000e+01,1.000000000000000000e+00,2.640000000000000000e+02,1.010000000000000000e+02,1.000000000000000000e+00,3.310000000000000000e+02,9.700000000000000000e+01,1.000000000000000000e+00,7.374382019042968750e-01,-1.944293975830078125e+01,0.000000000000000000e+00,7.374382019042968750e-01,-1.944293975830078125e+01,0.000000000000000000e+00,7.374382019042968750e-01,-1.944293975830078125e+01,0.000000000000000000e+00,7.374382019042968750e-01,-1.944293975830078125e+01,0.000000000000000000e+00,7.374382019042968750e-01,-1.944293975830078125e+01,0.000000000000000000e+00,7.374382019042968750e-01,-1.944293975830078125e+01,0.000000000000000000e+00
2.980000000000000000e+02,9.800000000000000000e+01,1.000000000000000000e+00,3.010000000000000000e+02,1.800000000000000000e+02,1.000000000000000000e+00,2.460000000000000000e+02,1.810000000000000000e+02,1.000000000000000000e+00,1.950000000000000000e+02,2.750000000000000000e+02,1.000000000000000000e+00,2.500000000000000000e+02,2.490000000000000000e+02,1.000000000000000000e+00,3.630000000000000000e+02,1.730000000000000000e+02,1.000000000000000000e+00,4.640000000000000000e+02,1.950000000000000000e+02,1.000000000000000000e+00,5.520000000000000000e+02,1.490000000000000000e+02,1.000000000000000000e+00,2.990000000000000000e+02,3.780000000000000000e+02,1.000000000000000000e+00,2.510000000000000000e+02,3.780000000000000000e+02,1.000000000000000000e+00,7.343502044677734375e-01,-1.943745422363281250e+01,0.000000000000000000e+00,7.343502044677734375e-01,-1.943745422363281250e+01,0.000000000000000000e+00,3.420000000000000000e+02,3.780000000000000000e+02,1.000000000000000000e+00,7.343502044677734375e-01,-1.943745422363281250e+01,0.000000000000000000e+00,7.343502044677734375e-01,-1.943745422363281250e+01,0.000000000000000000e+00,2.810000000000000000e+02,8.300000000000000000e+01,1.000000000000000000e+00,3.120000000000000000e+02,8.400000000000000000e+01,1.000000000000000000e+00,2.640000000000000000e+02,1.000000000000000000e+02,1.000000000000000000e+00,3.310000000000000000e+02,9.700000000000000000e+01,1.000000000000000000e+00,7.343502044677734375e-01,-1.943745422363281250e+01,0.000000000000000000e+00,7.343502044677734375e-01,-1.943745422363281250e+01,0.000000000000000000e+00,7.343502044677734375e-01,-1.943745422363281250e+01,0.000000000000000000e+00,7.343502044677734375e-01,-1.943745422363281250e+01,0.000000000000000000e+00,7.343502044677734375e-01,-1.943745422363281250e+01,0.000000000000000000e+00,7.343502044677734375e-01,-1.943745422363281250e+01,0.000000000000000000e+00
2.980000000000000000e+02,9.700000000000000000e+01,1.000000000000000000e+00,3.010000000000000000e+02,1.800000000000000000e+02,1.000000000000000000e+00,2.440000000000000000e+02,1.820000000000000000e+02,1.000000000000000000e+00,1.990000000000000000e+02,2.820000000000000000e+02,1.000000000000000000e+00,2.520000000000000000e+02,2.340000000000000000e+02,1.000000000000000000e+00,3.630000000000000000e+02,1.730000000000000000e+02,1.000000000000000000e+00,4.640000000000000000e+02,1.960000000000000000e+02,1.000000000000000000e+00,5.510000000000000000e+02,1.480000000000000000e+02,1.000000000000000000e+00,2.990000000000000000e+02,3.780000000000000000e+02,1.000000000000000000e+00,2.510000000000000000e+02,3.780000000000000000e+02,1.000000000000000000e+00,5.236797332763671875e-01,-3.290788269042968750e+01,0.000000000000000000e+00,5.236797332763671875e-01,-3.290788269042968750e+01,0.000000000000000000e+00,3.420000000000000000e+02,3.780000000000000000e+02,1.000000000000000000e+00,5.236797332763671875e-01,-3.290788269042968750e+01,0.000000000000000000e+00,5.236797332763671875e-01,-3.290788269042968750e+01,0.000000000000000000e+00,2.820000000000000000e+02,8.500000000000000000e+01,1.000000000000000000e+00,3.120000000000000000e+02,8.300000000000000000e+01,1.000000000000000000e+00,2.640000000000000000e+02,1.000000000000000000e+02,1.000000000000000000e+00,3.310000000000000000e+02,9.600000000000000000e+01,1.000000000000000000e+00,5.236797332763671875e-01,-3.290788269042968750e+01,0.000000000000000000e+00,5.236797332763671875e-01,-3.290788269042968750e+01,0.000000000000000000e+00,5.236797332763671875e-01,-3.290788269042968750e+01,0.000000000000000000e+00,5.236797332763671875e-01,-3.290788269042968750e+01,0.000000000000000000e+00,5.236797332763671875e-01,-3.290788269042968750e+01,0.000000000000000000e+00,5.236797332763671875e-01,-3.290788269042968750e+01,0.000000000000000000e+00
2.980000000000000000e+02,9.700000000000000000e+01,1.000000000000000000e+00,3.010000000000000000e+02,1.800000000000000000e+02,1.000000000000000000e+00,2.440000000000000000e+02,1.820000000000000000e+02,1.000000000000000000e+00,1.980000000000000000e+02,2.800000000000000000e+02,1.000000000000000000e+00,2.470000000000000000e+02,2.230000000000000000e+02,1.000000000000000000e+00,3.630000000000000000e+02,1.730000000000000000e+02,1.000000000000000000e+00,4.640000000000000000e+02,1.970000000000000000e+02,1.000000000000000000e+00,5.500000000000000000e+02,1.480000000000000000e+02,1.000000000000000000e+00,2.980000000000000000e+02,3.780000000000000000e+02,1.000000000000000000e+00,2.510000000000000000e+02,3.780000000000000000e+02,1.000000000000000000e+00,8.156967163085937500e-02,-3.310991668701171875e+01,0.000000000000000000e+00,8.156967163085937500e-02,-3.310991668701171875e+01,0.000000000000000000e+00,3.420000000000000000e+02,3.780000000000000000e+02,1.000000000000000000e+00,8.156967163085937500e-02,-3.310991668701171875e+01,0.000000000000000000e+00,8.156967163085937500e-02,-3.310991668701171875e+01,0.000000000000000000e+00,2.820000000000000000e+02,8.500000000000000000e+01,1.000000000000000000e+00,3.120000000000000000e+02,8.300000000000000000e+01,1.000000000000000000e+00,2.640000000000000000e+02,1.000000000000000000e+02,1.000000000000000000e+00,3.310000000000000000e+02,9.600000000000000000e+01,1.000000000000000000e+00,8.156967163085937500e-02,-3.310991668701171875e+01,0.000000000000000000e+00,8.156967163085937500e-02,-3.310991668701171875e+01,0.000000000000000000e+00,8.156967163085937500e-02,-3.310991668701171875e+01,0.000000000000000000e+00,8.156967163085937500e-02,-3.310991668701171875e+01,0.000000000000000000e+00,8.156967163085937500e-02,-3.310991668701171875e+01,0.000000000000000000e+00,8.156967163085937500e-02,-3.310991668701171875e+01,0.000000000000000000e+00
2.980000000000000000e+02,9.700000000000000000e+01,1.000000000000000000e+00,3.010000000000000000e+02,1.800000000000000000e+02,1.000000000000000000e+00,2.440000000000000000e+02,1.820000000000000000e+02,1.000000000000000000e+00,2.000000000000000000e+02,2.820000000000000000e+02,1.000000000000000000e+00,2.010000000000000000e+02,2.680000000000000000e+02,1.000000000000000000e+00,3.630000000000000000e+02,1.730000000000000000e+02,1.000000000000000000e+00,4.630000000000000000e+02,1.980000000000000000e+02,1.000000000000000000e+00,5.490000000000000000e+02,1.490000000000000000e+02,1.000000000000000000e+00,2.980000000000000000e+02,3.780000000000000000e+02,1.000000000000000000e+00,2.510000000000000000e+02,3.780000000000000000e+02,1.000000000000000000e+00,-9.739303588867187500e-02,-3.414721679687500000e+01,0.000000000000000000e+00,-9.739303588867187500e-02,-3.414721679687500000e+01,0.000000000000000000e+00,3.420000000000000000e+02,3.780000000000000000e+02,1.000000000000000000e+00,-9.739303588867187500e-02,-3.414721679687500000e+01,0.000000000000000000e+00,-9.739303588867187500e-02,-3.414721679687500000e+01,0.000000000000000000e+00,2.820000000000000000e+02,8.500000000000000000e+01,1.000000000000000000e+00,3.120000000000000000e+02,8.300000000000000000e+01,1.000000000000000000e+00,2.640000000000000000e+02,1.000000000000000000e+02,1.000000000000000000e+00,3.310000000000000000e+02,9.600000000000000000e+01,1.000000000000000000e+00,-9.739303588867187500e-02,-3.414721679687500000e+01,0.000000000000000000e+00,-9.739303588867187500e-02,-3.414721679687500000e+01,0.000000000000000000e+00,-9.739303588867187500e-02,-3.414721679687500000e+01,0.000000000000000000e+00,-9.739303588867187500e-02,-3.414721679687500000e+01,0.000000000000000000e+00,-9.739303588867187500e-02,-3.414721679687500000e+01,0.000000000000000000e+00,-9.739303588867187500e-02,-3.414721679687500000e+01,0.000000000000000000e+00
2.980000000000000000e+02,9.700000000000000000e+01,1.000000000000000000e+00,3.010000000000000000e+02,1.800000000000000000e+02,1.000000000000000000e+00,2.440000000000000000e+02,1.820000000000000000e+02,1.000000000000000000e+00,2.010000000000000000e+02,2.830000000000000000e+02,1.000000000000000000e+00,2.480000000000000000e+02,2.240000000000000000e+02,1.000000000000000000e+00,3.630000000000000000e+02,1.730000000000000000e+02,1.000000000000000000e+00,4.650000000000000000e+02,1.990000000000000000e+02,1.000000000000000000e+00,5.480000000000000000e+02,1.500000000000000000e+02,1.000000000000000000e+00,2.980000000000000000e+02,3.780000000000000000e+02,1.000000000000000000e+00,2.510000000000000000e+02,3.780000000000000000e+02,1.000000000000000000e+00,-3.014755249023437500e-01,-3.385370635986328125e+01,0.000000000000000000e+00,-3.014755249023437500e-01,-3.385370635986328125e+01,0.000000000000000000e+00,3.420000000000000000e+02,3.780000000000000000e+02,1.000000000000000000e+00,-3.014755249023437500e-01,-3.385370635986328125e+01,0.000000000000000000e+00,-3.014755249023437500e-01,-3.385370635986328125e+01,0.000000000000000000e+00,2.820000000000000000e+02,8.500000000000000000e+01,1.000000000000000000e+00,3.120000000000000000e+02,8.300000000000000000e+01,1.000000000000000000e+00,2.640000000000000000e+02,1.000000000000000000e+02,1.000000000000000000e+00,3.310000000000000000e+02,9.600000000000000000e+01,1.000000000000000000e+00,-3.014755249023437500e-01,-3.385370635986328125e+01,0.000000000000000000e+00,-3.014755249023437500e-01,-3.385370635986328125e+01,0.000000000000000000e+00,-3.014755249023437500e-01,-3.385370635986328125e+01,0.000000000000000000e+00,-3.014755249023437500e-01,-3.385370635986328125e+01,0.000000000000000000e+00,-3.014755249023437500e-01,-3.385370635986328125e+01,0.000000000000000000e+00,-3.014755249023437500e-01,-3.385370635986328125e+01,0.000000000000000000e+00
2.980000000000000000e+02,9.700000000000000000e+01,1.000000000000000000e+00,3.000000000000000000e+02,1.800000000000000000e+02,1.000000000000000000e+00,2.440000000000000000e+02,1.820000000000000000e+02,1.000000000000000000e+00,2.020000000000000000e+02,2.870000000000000000e+02,1.000000000000000000e+00,2.470000000000000000e+02,2.300000000000000000e+02,1.000000000000000000e+00,3.630000000000000000e+02,1.740000000000000000e+02,1.000000000000000000e+00,4.640000000000000000e+02,2.000000000000000000e+02,1.000000000000000000e+00,5.470000000000000000e+02,1.510000000000000000e+02,1.000000000000000000e+00,2.980000000000000000e+02,3.780000000000000000e+02,1.000000000000000000e+00,2.510000000000000000e+02,3.780000000000000000e+02,1.000000000000000000e+00,-1.556774139404296875e+00,-3.563923645019531250e+01,0.000000000000000000e+00,-1.556774139404296875e+00,-3.563923645019531250e+01,0.000000000000000000e+00,3.430000000000000000e+02,3.780000000000000000e+02,1.000000000000000000e+00,-1.556774139404296875e+00,-3.563923645019531250e+01,0.000000000000000000e+00,-1.556774139404296875e+00,-3.563923645019531250e+01,0.000000000000000000e+00,2.820000000000000000e+02,8.500000000000000000e+01,1.000000000000000000e+00,3.120000000000000000e+02,8.400000000000000000e+01,1.000000000000000000e+00,2.640000000000000000e+02,1.000000000000000000e+02,1.000000000000000000e+00,3.310000000000000000e+02,9.600000000000000000e+01,1.000000000000000000e+00,-1.556774139404296875e+00,-3.563923645019531250e+01,0.000000000000000000e+00,-1.556774139404296875e+00,-3.563923645019531250e+01,0.000000000000000000e+00,-1.556774139404296875e+00,-3.563923645019531250e+01,0.000000000000000000e+00,-1.556774139404296875e+00,-3.563923645019531250e+01,0.000000000000000000e+00,-1.556774139404296875e+00,-3.563923645019531250e+01,0.000000000000000000e+00,-1.556774139404296875e+00,-3.563923645019531250e+01,0.000000000000000000e+00
2.980000000000000000e+02,9.700000000000000000e+01,1.000000000000000000e+00,2.990000000000000000e+02,1.800000000000000000e+02,1.000000000000000000e+00,2.430000000000000000e+02,1.830000000000000000e+02,1.000000000000000000e+00,2.020000000000000000e+02,2.880000000000000000e+02,1.000000000000000000e+00,2.520000000000000000e+02,2.370000000000000000e+02,1.000000000000000000e+00,3.630000000000000000e+02,1.740000000000000000e+02,1.000000000000000000e+00,4.630000000000000000e+02,2.020000000000000000e+02,1.000000000000000000e+00,5.430000000000000000e+02,1.550000000000000000e+02,1.000000000000000000e+00,2.980000000000000000e+02,3.780000000000000000e+02,1.000000000000000000e+00,2.510000000000000000e+02,3.780000000000000000e+02,1.000000000000000000e+00,-1.171989440917968750e+00,-3.544499206542968750e+01,0.000000000000000000e+00,-1.171989440917968750e+00,-3.544499206542968750e+01,0.000000000000000000e+00,3.430000000000000000e+02,3.780000000000000000e+02,1.000000000000000000e+00,-1.171989440917968750e+00,-3.544499206542968750e+01,0.000000000000000000e+00,-1.171989440917968750e+00,-3.544499206542968750e+01,0.000000000000000000e+00,2.830000000000000000e+02,8.500000000000000000e+01,1.000000000000000000e+00,3.120000000000000000e+02,8.400000000000000000e+01,1.000000000000000000e+00,2.640000000000000000e+02,1.000000000000000000e+02,1.000000000000000000e+00,3.310000000000000000e+02,9.600000000000000000e+01,1.000000000000000000e+00,-1.171989440917968750e+00,-3.544499206542968750e+01,0.000000000000000000e+00,-1.171989440917968750e+00,-3.544499206542968750e+01,0.000000000000000000e+00,-1.171989440917968750e+00,-3.544499206542968750e+01,0.000000000000000000e+00,-1.171989440917968750e+00,-3.544499206542968750e+01,0.000000000000000000e+00,-1.171989440917968750e+00,-3.544499206542968750e+01,0.000000000000000000e+00,-1.171989440917968750e+00,-3.544499206542968750e+01,0.000000000000000000e+00
2.980000000000000000e+02,9.800000000000000000e+01,1.000000000000000000e+00,2.990000000000000000e+02,1.800000000000000000e+02,1.000000000000000000e+00,2.430000000000000000e+02,1.840000000000000000e+02,1.000000000000000000e+00,2.010000000000000000e+02,2.890000000000000000e+02,1.000000000000000000e+00,2.590000000000000000e+02,2.500000000000000000e+02,1.000000000000000000e+00,3.630000000000000000e+02,1.740000000000000000e+02,1.000000000000000000e+00,4.620000000000000000e+02,2.040000000000000000e+02,1.000000000000000000e+00,5.410000000000000000e+02,1.570000000000000000e+02,1.000000000000000000e+00,2.980000000000000000e+02,3.780000000000000000e+02,1.000000000000000000e+00,2.510000000000000000e+02,3.780000000000000000e+02,1.000000000000000000e+00,-1.679756164550781250e+00,-3.566699981689453125e+01,0.000000000000000000e+00,-1.679756164550781250e+00,-3.566699981689453125e+01,0.000000000000000000e+00,3.420000000000000000e+02,3.780000000000000000e+02,1.000000000000000000e+00,-1.679756164550781250e+00,-3.566699981689453125e+01,0.000000000000000000e+00,-1.679756164550781250e+00,-3.566699981689453125e+01,0.000000000000000000e+00,2.830000000000000000e+02,8.600000000000000000e+01,1.000000000000000000e+00,3.120000000000000000e+02,8.500000000000000000e+01,1.000000000000000000e+00,2.640000000000000000e+02,1.000000000000000000e+02,1.000000000000000000e+00,3.310000000000000000e+02,9.700000000000000000e+01,1.000000000000000000e+00,-1.679756164550781250e+00,-3.566699981689453125e+01,0.000000000000000000e+00,-1.679756164550781250e+00,-3.566699981689453125e+01,0.000000000000000000e+00,-1.679756164550781250e+00,-3.566699981689453125e+01,0.000000000000000000e+00,-1.679756164550781250e+00,-3.566699981689453125e+01,0.000000000000000000e+00,-1.679756164550781250e+00,-3.566699981689453125e+01,0.000000000000000000e+00,-1.679756164550781250e+00,-3.566699981689453125e+01,0.000000000000000000e+00
2.980000000000000000e+02,9.900000000000000000e+01,1.000000000000000000e+00,2.990000000000000000e+02,1.800000000000000000e+02,1.000000000000000000e+00,2.430000000000000000e+02,1.840000000000000000e+02,1.000000000000000000e+00,1.950000000000000000e+02,2.800000000000000000e+02,1.000000000000000000e+00,2.500000000000000000e+02,2.700000000000000000e+02,1.000000000000000000e+00,3.630000000000000000e+02,1.740000000000000000e+02,1.000000000000000000e+00,4.610000000000000000e+02,2.060000000000000000e+02,1.000000000000000000e+00,5.420000000000000000e+02,1.570000000000000000e+02,1.000000000000000000e+00,2.980000000000000000e+02,3.780000000000000000e+02,1.000000000000000000e+00,2.510000000000000000e+02,3.780000000000000000e+02,1.000000000000000000e+00,-1.279895782470703125e+00,-3.349872589111328125e+01,0.000000000000000000e+00,-1.279895782470703125e+00,-3.349872589111328125e+01,0.000000000000000000e+00,3.420000000000000000e+02,3.780000000000000000e+02,1.000000000000000000e+00,-1.279895782470703125e+00,-3.349872589111328125e+01,0.000000000000000000e+00,-1.279895782470703125e+00,-3.349872589111328125e+01,0.000000000000000000e+00,2.830000000000000000e+02,8.700000000000000000e+01,1.000000000000000000e+00,3.120000000000000000e+02,8.600000000000000000e+01,1.000000000000000000e+00,2.640000000000000000e+02,1.000000000000000000e+02,1.000000000000000000e+00,3.310000000000000000e+02,9.800000000000000000e+01,1.000000000000000000e+00,-1.279895782470703125e+00,-3.349872589111328125e+01,0.000000000000000000e+00,-1.279895782470703125e+00,-3.349872589111328125e+01,0.000000000000000000e+00,-1.279895782470703125e+00,-3.349872589111328125e+01,0.000000000000000000e+00,-1.279895782470703125e+00,-3.349872589111328125e+01,0.000000000000000000e+00,-1.279895782470703125e+00,-3.349872589111328125e+01,0.000000000000000000e+00,-1.279895782470703125e+00,-3.349872589111328125e+01,0.000000000000000000e+00
2.980000000000000000e+02,9.900000000000000000e+01,1.000000000000000000e+00,2.990000000000000000e+02,1.800000000000000000e+02,1.000000000000000000e+00,2.430000000000000000e+02,1.840000000000000000e+02,1.000000000000000000e+00,1.950000000000000000e+02,2.820000000000000000e+02,1.000000000000000000e+00,2.650000000000000000e+02,2.810000000000000000e+02,1.000000000000000000e+00,3.630000000000000000e+02,1.740000000000000000e+02,1.000000000000000000e+00,4.610000000000000000e+02,2.070000000000000000e+02,1.000000000000000000e+00,5.420000000000000000e+02,1.590000000000000000e+02,1.000000000000000000e+00,2.980000000000000000e+02,3.780000000000000000e+02,1.000000000000000000e+00,2.510000000000000000e+02,3.780000000000000000e+02,1.000000000000000000e+00,-1.838672637939453125e+00,-3.442630767822265625e+01,0.000000000000000000e+00,-1.838672637939453125e+00,-3.442630767822265625e+01,0.000000000000000000e+00,3.420000000000000000e+02,3.780000000000000000e+02,1.000000000000000000e+00,-1.838672637939453125e+00,-3.442630767822265625e+01,0.000000000000000000e+00,-1.838672637939453125e+00,-3.442630767822265625e+01,0.000000000000000000e+00,2.830000000000000000e+02,8.700000000000000000e+01,1.000000000000000000e+00,3.120000000000000000e+02,8.700000000000000000e+01,1.000000000000000000e+00,2.640000000000000000e+02,1.000000000000000000e+02,1.000000000000000000e+00,3.310000000000000000e+02,9.900000000000000000e+01,1.000000000000000000e+00,-1.838672637939453125e+00,-3.442630767822265625e+01,0.000000000000000000e+00,-1.838672637939453125e+00,-3.442630767822265625e+01,0.000000000000000000e+00,-1.838672637939453125e+00,-3.442630767822265625e+01,0.000000000000000000e+00,-1.838672637939453125e+00,-3.442630767822265625e+01,0.000000000000000000e+00,-1.838672637939453125e+00,-3.442630767822265625e+01,0.000000000000000000e+00,-1.838672637939453125e+00,-3.442630767822265625e+01,0.000000000000000000e+00
2.980000000000000000e+02,9.900000000000000000e+01,1.000000000000000000e+00,2.990000000000000000e+02,1.800000000000000000e+02,1.000000000000000000e+00,2.430000000000000000e+02,1.840000000000000000e+02,1.000000000000000000e+00,1.980000000000000000e+02,2.790000000000000000e+02,1.000000000000000000e+00,2.640000000000000000e+02,2.960000000000000000e+02,1.000000000000000000e+00,3.630000000000000000e+02,1.740000000000000000e+02,1.000000000000000000e+00,4.610000000000000000e+02,2.070000000000000000e+02,1.000000000000000000e+00,5.420000000000000000e+02,1.600000000000000000e+02,1.000000000000000000e+00,2.980000000000000000e+02,3.800000000000000000e+02,1.000000000000000000e+00,2.490000000000000000e+02,3.800000000000000000e+02,1.000000000000000000e+00,-2.023128509521484375e+00,-3.486549377441406250e+01,0.000000000000000000e+00,-2.023128509521484375e+00,-3.486549377441406250e+01,0.000000000000000000e+00,3.420000000000000000e+02,3.780000000000000000e+02,1.000000000000000000e+00,-2.023128509521484375e+00,-3.486549377441406250e+01,0.000000000000000000e+00,-2.023128509521484375e+00,-3.486549377441406250e+01,0.000000000000000000e+00,2.830000000000000000e+02,8.700000000000000000e+01,1.000000000000000000e+00,3.120000000000000000e+02,8.700000000000000000e+01,1.000000000000000000e+00,2.640000000000000000e+02,1.000000000000000000e+02,1.000000000000000000e+00,3.310000000000000000e+02,9.900000000000000000e+01,1.000000000000000000e+00,-2.023128509521484375e+00,-3.486549377441406250e+01,0.000000000000000000e+00,-2.023128509521484375e+00,-3.486549377441406250e+01,0.000000000000000000e+00,-2.023128509521484375e+00,-3.486549377441406250e+01,0.000000000000000000e+00,-2.023128509521484375e+00,-3.486549377441406250e+01,0.000000000000000000e+00,-2.023128509521484375e+00,-3.486549377441406250e+01,0.000000000000000000e+00,-2.023128509521484375e+00,-3.486549377441406250e+01,0.000000000000000000e+00
2.980000000000000000e+02,9.900000000000000000e+01,1.000000000000000000e+00,2.990000000000000000e+02,1.800000000000000000e+02,1.000000000000000000e+00,2.440000000000000000e+02,1.840000000000000000e+02,1.000000000000000000e+00,1.990000000000000000e+02,2.700000000000000000e+02,1.000000000000000000e+00,2.140000000000000000e+02,2.820000000000000000e+02,1.000000000000000000e+00,3.630000000000000000e+02,1.740000000000000000e+02,1.000000000000000000e+00,4.610000000000000000e+02,2.070000000000000000e+02,1.000000000000000000e+00,5.450000000000000000e+02,1.580000000000000000e+02,1.000000000000000000e+00,2.960000000000000000e+02,3.760000000000000000e+02,1.000000000000000000e+00,2.480000000000000000e+02,3.800000000000000000e+02,1.000000000000000000e+00,-2.755084991455078125e+00,-3.506995391845703125e+01,0.000000000000000000e+00,-2.755084991455078125e+00,-3.506995391845703125e+01,0.000000000000000000e+00,3.400000000000000000e+02,3.780000000000000000e+02,1.000000000000000000e+00,-2.755084991455078125e+00,-3.506995391845703125e+01,0.000000000000000000e+00,-2.755084991455078125e+00,-3.506995391845703125e+01,0.000000000000000000e+00,2.830000000000000000e+02,8.700000000000000000e+01,1.000000000000000000e+00,3.120000000000000000e+02,8.700000000000000000e+01,1.000000000000000000e+00,2.640000000000000000e+02,1.000000000000000000e+02,1.000000000000000000e+00,3.310000000000000000e+02,9.900000000000000000e+01,1.000000000000000000e+00,-2.755084991455078125e+00,-3.506995391845703125e+01,0.000000000000000000e+00,-2.755084991455078125e+00,-3.506995391845703125e+01,0.000000000000000000e+00,-2.755084991455078125e+00,-3.506995391845703125e+01,0.000000000000000000e+00,-2.755084991455078125e+00,-3.506995391845703125e+01,0.000000000000000000e+00,-2.755084991455078125e+00,-3.506995391845703125e+01,0.000000000000000000e+00,-2.755084991455078125e+00,-3.506995391845703125e+01,0.000000000000000000e+00
2.980000000000000000e+02,9.800000000000000000e+01,1.000000000000000000e+00,2.990000000000000000e+02,1.800000000000000000e+02,1.000000000000000000e+00,2.430000000000000000e+02,1.850000000000000000e+02,1.000000000000000000e+00,1.990000000000000000e+02,2.710000000000000000e+02,1.000000000000000000e+00,2.620000000000000000e+02,3.020000000000000000e+02,1.000000000000000000e+00,3.630000000000000000e+02,1.740000000000000000e+02,1.000000000000000000e+00,4.610000000000000000e+02,2.070000000000000000e+02,1.000000000000000000e+00,5.470000000000000000e+02,1.570000000000000000e+02,1.000000000000000000e+00,3.010000000000000000e+02,3.740000000000000000e+02,1.000000000000000000e+00,2.480000000000000000e+02,3.800000000000000000e+02,1.000000000000000000e+00,-3.802383422851562500e+00,-3.577793884277343750e+01,0.000000000000000000e+00,-3.802383422851562500e+00,-3.577793884277343750e+01,0.000000000000000000e+00,3.400000000000000000e+02,3.780000000000000000e+02,1.000000000000000000e+00,-3.802383422851562500e+00,-3.577793884277343750e+01,0.000000000000000000e+00,-3.802383422851562500e+00,-3.577793884277343750e+01,0.000000000000000000e+00,2.830000000000000000e+02,8.600000000000000000e+01,1.000000000000000000e+00,3.120000000000000000e+02,8.600000000000000000e+01,1.000000000000000000e+00,2.640000000000000000e+02,1.000000000000000000e+02,1.000000000000000000e+00,3.310000000000000000e+02,9.900000000000000000e+01,1.000000000000000000e+00,-3.802383422851562500e+00,-3.577793884277343750e+01,0.000000000000000000e+00,-3.802383422851562500e+00,-3.577793884277343750e+01,0.000000000000000000e+00,-3.802383422851562500e+00,-3.577793884277343750e+01,0.000000000000000000e+00,-3.802383422851562500e+00,-3.577793884277343750e+01,0.000000000000000000e+00,-3.802383422851562500e+00,-3.577793884277343750e+01,0.000000000000000000e+00,-3.802383422851562500e+00,-3.577793884277343750e+01,0.000000000000000000e+00
2.980000000000000000e+02,9.600000000000000000e+01,1.000000000000000000e+00,2.990000000000000000e+02,1.800000000000000000e+02,1.000000000000000000e+00,2.430000000000000000e+02,1.850000000000000000e+02,1.000000000000000000e+00,1.990000000000000000e+02,2.730000000000000000e+02,1.000000000000000000e+00,2.640000000000000000e+02,2.960000000000000000e+02,1.000000000000000000e+00,3.630000000000000000e+02,1.740000000000000000e+02,1.000000000000000000e+00,4.610000000000000000e+02,2.070000000000000000e+02,1.000000000000000000e+00,5.470000000000000000e+02,1.570000000000000000e+02,1.000000000000000000e+00,2.960000000000000000e+02,3.840000000000000000e+02,1.000000000000000000e+00,2.500000000000000000e+02,3.820000000000000000e+02,1.000000000000000000e+00,-3.044742584228515625e+00,-3.532918548583984375e+01,0.000000000000000000e+00,-3.044742584228515625e+00,-3.532918548583984375e+01,0.000000000000000000e+00,3.440000000000000000e+02,3.780000000000000000e+02,1.000000000000000000e+00,-3.044742584228515625e+00,-3.532918548583984375e+01,0.000000000000000000e+00,-3.044742584228515625e+00,-3.532918548583984375e+01,0.000000000000000000e+00,2.830000000000000000e+02,8.500000000000000000e+01,1.000000000000000000e+00,3.120000000000000000e+02,8.500000000000000000e+01,1.000000000000000000e+00,2.640000000000000000e+02,9.900000000000000000e+01,1.000000000000000000e+00,3.310000000000000000e+02,1.010000000000000000e+02,1.000000000000000000e+00,-3.044742584228515625e+00,-3.532918548583984375e+01,0.000000000000000000e+00,-3.044742584228515625e+00,-3.532918548583984375e+01,0.000000000000000000e+00,-3.044742584228515625e+00,-3.532918548583984375e+01,0.000000000000000000e+00,-3.044742584228515625e+00,-3.532918548583984375e+01,0.000000000000000000e+00,-3.044742584228515625e+00,-3.532918548583984375e+01,0.000000000000000000e+00,-3.044742584228515625e+00,-3.532918548583984375e+01,0.000000000000000000e+00
2.980000000000000000e+02,9.400000000000000000e+01,1.000000000000000000e+00,2.990000000000000000e+02,1.800000000000000000e+02,1.000000000000000000e+00,2.430000000000000000e+02,1.850000000000000000e+02,1.000000000000000000e+00,2.000000000000000000e+02,2.700000000000000000e+02,1.000000000000000000e+00,2.660000000000000000e+02,2.820000000000000000e+02,1.000000000000000000e+00,3.630000000000000000e+02,1.740000000000000000e+02,1.000000000000000000e+00,4.610000000000000000e+02,2.070000000000000000e+02,1.000000000000000000e+00,5.470000000000000000e+02,1.580000000000000000e+02,1.000000000000000000e+00,2.970000000000000000e+02,3.810000000000000000e+02,1.000000000000000000e+00,2.500000000000000000e+02,3.820000000000000000e+02,1.000000000000000000e+00,-3.176181793212890625e+00,-3.685757446289062500e+01,0.000000000000000000e+00,-3.176181793212890625e+00,-3.685757446289062500e+01,0.000000000000000000e+00,3.460000000000000000e+02,3.780000000000000000e+02,1.000000000000000000e+00,-3.176181793212890625e+00,-3.685757446289062500e+01,0.000000000000000000e+00,-3.176181793212890625e+00,-3.685757446289062500e+01,0.000000000000000000e+00,2.830000000000000000e+02,8.300000000000000000e+01,1.000000000000000000e+00,3.120000000000000000e+02,8.400000000000000000e+01,1.000000000000000000e+00,2.660000000000000000e+02,1.010000000000000000e+02,1.000000000000000000e+00,3.310000000000000000e+02,1.000000000000000000e+02,1.000000000000000000e+00,-3.176181793212890625e+00,-3.685757446289062500e+01,0.000000000000000000e+00,-3.176181793212890625e+00,-3.685757446289062500e+01,0.000000000000000000e+00,-3.176181793212890625e+00,-3.685757446289062500e+01,0.000000000000000000e+00,-3.176181793212890625e+00,-3.685757446289062500e+01,0.000000000000000000e+00,-3.176181793212890625e+00,-3.685757446289062500e+01,0.000000000000000000e+00,-3.176181793212890625e+00,-3.685757446289062500e+01,0.000000000000000000e+00
2.980000000000000000e+02,9.200000000000000000e+01,1.000000000000000000e+00,2.990000000000000000e+02,1.800000000000000000e+02,1.000000000000000000e+00,2.420000000000000000e+02,1.840000000000000000e+02,1.000000000000000000e+00,1.990000000000000000e+02,2.780000000000000000e+02,1.000000000000000000e+00,2.680000000000000000e+02,2.650000000000000000e+02,1.000000000000000000e+00,3.630000000000000000e+02,1.740000000000000000e+02,1.000000000000000000e+00,4.610000000000000000e+02,2.070000000000000000e+02,1.000000000000000000e+00,5.490000000000000000e+02,1.570000000000000000e+02,1.000000000000000000e+00,2.960000000000000000e+02,3.810000000000000000e+02,1.000000000000000000e+00,2.520000000000000000e+02,3.820000000000000000e+02,1.000000000000000000e+00,-3.435070037841796875e+00,-3.637847900390625000e+01,0.000000000000000000e+00,-3.435070037841796875e+00,-3.637847900390625000e+01,0.000000000000000000e+00,3.440000000000000000e+02,3.780000000000000000e+02,1.000000000000000000e+00,-3.435070037841796875e+00,-3.637847900390625000e+01,0.000000000000000000e+00,-3.435070037841796875e+00,-3.637847900390625000e+01,0.000000000000000000e+00,2.830000000000000000e+02,8.200000000000000000e+01,1.000000000000000000e+00,3.120000000000000000e+02,8.300000000000000000e+01,1.000000000000000000e+00,2.660000000000000000e+02,1.000000000000000000e+02,1.000000000000000000e+00,3.310000000000000000e+02,1.000000000000000000e+02,1.000000000000000000e+00,-3.435070037841796875e+00,-3.637847900390625000e+01,0.000000000000000000e+00,-3.435070037841796875e+00,-3.637847900390625000e+01,0.000000000000000000e+00,-3.435070037841796875e+00,-3.637847900390625000e+01,0.000000000000000000e+00,-3.435070037841796875e+00,-3.637847900390625000e+01,0.000000000000000000e+00,-3.435070037841796875e+00,-3.637847900390625000e+01,0.000000000000000000e+00,-3.435070037841796875e+00,-3.637847900390625000e+01,0.000000000000000000e+00
2.980000000000000000e+02,9.000000000000000000e+01,1.000000000000000000e+00,2.990000000000000000e+02,1.800000000000000000e+02,1.000000000000000000e+00,2.420000000000000000e+02,1.830000000000000000e+02,1.000000000000000000e+00,2.010000000000000000e+02,2.840000000000000000e+02,1.000000000000000000e+00,2.660000000000000000e+02,2.480000000000000000e+02,1.000000000000000000e+00,3.630000000000000000e+02,1.740000000000000000e+02,1.000000000000000000e+00,4.610000000000000000e+02,2.070000000000000000e+02,1.000000000000000000e+00,5.460000000000000000e+02,1.590000000000000000e+02,1.000000000000000000e+00,2.970000000000000000e+02,3.810000000000000000e+02,1.000000000000000000e+00,2.520000000000000000e+02,3.820000000000000000e+02,1.000000000000000000e+00,-3.841629028320312500e+00,-3.638308715820312500e+01,0.000000000000000000e+00,-3.841629028320312500e+00,-3.638308715820312500e+01,0.000000000000000000e+00,3.440000000000000000e+02,3.780000000000000000e+02,1.000000000000000000e+00,-3.841629028320312500e+00,-3.638308715820312500e+01,0.000000000000000000e+00,-3.841629028320312500e+00,-3.638308715820312500e+01,0.000000000000000000e+00,2.820000000000000000e+02,8.100000000000000000e+01,1.000000000000000000e+00,3.120000000000000000e+02,8.200000000000000000e+01,1.000000000000000000e+00,2.660000000000000000e+02,9.900000000000000000e+01,1.000000000000000000e+00,3.310000000000000000e+02,9.900000000000000000e+01,1.000000000000000000e+00,-3.841629028320312500e+00,-3.638308715820312500e+01,0.000000000000000000e+00,-3.841629028320312500e+00,-3.638308715820312500e+01,0.000000000000000000e+00,-3.841629028320312500e+00,-3.638308715820312500e+01,0.000000000000000000e+00,-3.841629028320312500e+00,-3.638308715820312500e+01,0.000000000000000000e+00,-3.841629028320312500e+00,-3.638308715820312500e+01,0.000000000000000000e+00,-3.841629028320312500e+00,-3.638308715820312500e+01,0.000000000000000000e+00
2.980000000000000000e+02,8.900000000000000000e+01,1.000000000000000000e+00,2.990000000000000000e+02,1.800000000000000000e+02,1.000000000000000000e+00,2.420000000000000000e+02,1.830000000000000000e+02,1.000000000000000000e+00,2.020000000000000000e+02,2.810000000000000000e+02,1.000000000000000000e+00,2.630000000000000000e+02,2.340000000000000000e+02,1.000000000000000000e+00,3.630000000000000000e+02,1.740000000000000000e+02,1.000000000000000000e+00,4.610000000000000000e+02,2.080000000000000000e+02,1.000000000000000000e+00,5.350000000000000000e+02,1.670000000000000000e+02,1.000000000000000000e+00,2.970000000000000000e+02,3.810000000000000000e+02,1.000000000000000000e+00,2.520000000000000000e+02,3.820000000000000000e+02,1.000000000000000000e+00,-2.928916931152343750e+00,-3.550086212158203125e+01,0.000000000000000000e+00,-2.928916931152343750e+00,-3.550086212158203125e+01,0.000000000000000000e+00,3.430000000000000000e+02,3.780000000000000000e+02,1.000000000000000000e+00,-2.928916931152343750e+00,-3.550086212158203125e+01,0.000000000000000000e+00,-2.928916931152343750e+00,-3.550086212158203125e+01,0.000000000000000000e+00,2.820000000000000000e+02,8.000000000000000000e+01,1.000000000000000000e+00,3.120000000000000000e+02,8.100000000000000000e+01,1.000000000000000000e+00,2.660000000000000000e+02,9.800000000000000000e+01,1.000000000000000000e+00,3.310000000000000000e+02,9.900000000000000000e+01,1.000000000000000000e+00,-2.928916931152343750e+00,-3.550086212158203125e+01,0.000000000000000000e+00,-2.928916931152343750e+00,-3.550086212158203125e+01,0.000000000000000000e+00,-2.928916931152343750e+00,-3.550086212158203125e+01,0.000000000000000000e+00,-2.928916931152343750e+00,-3.550086212158203125e+01,0.000000000000000000e+00,-2.928916931152343750e+00,-3.550086212158203125e+01,0.000000000000000000e+00,-2.928916931152343750e+00,-3.550086212158203125e+01,0.000000000000000000e+00
2.980000000000000000e+02,8.900000000000000000e+01,1.000000000000000000e+00,2.990000000000000000e+02,1.800000000000000000e+02,1.000000000000000000e+00,2.420000000000000000e+02,1.830000000000000000e+02,1.000000000000000000e+00,2.030000000000000000e+02,2.840000000000000000e+02,1.000000000000000000e+00,2.570000000000000000e+02,2.270000000000000000e+02,1.000000000000000000e+00,3.630000000000000000e+02,1.740000000000000000e+02,1.000000000000000000e+00,4.610000000000000000e+02,2.090000000000000000e+02,1.000000000000000000e+00,5.350000000000000000e+02,1.680000000000000000e+02,1.000000000000000000e+00,2.970000000000000000e+02,3.810000000000000000e+02,1.000000000000000000e+00,2.520000000000000000e+02,3.800000000000000000e+02,1.000000000000000000e+00,-3.104290008544921875e+00,-3.588560485839843750e+01,0.000000000000000000e+00,-3.104290008544921875e+00,-3.588560485839843750e+01,0.000000000000000000e+00,3.430000000000000000e+02,3.780000000000000000e+02,1.000000000000000000e+00,-3.104290008544921875e+00,-3.588560485839843750e+01,0.000000000000000000e+00,-3.104290008544921875e+00,-3.588560485839843750e+01,0.000000000000000000e+00,2.820000000000000000e+02,7.900000000000000000e+01,1.000000000000000000e+00,3.120000000000000000e+02,8.100000000000000000e+01,1.000000000000000000e+00,2.660000000000000000e+02,9.700000000000000000e+01,1.000000000000000000e+00,3.310000000000000000e+02,9.900000000000000000e+01,1.000000000000000000e+00,-3.104290008544921875e+00,-3.588560485839843750e+01,0.000000000000000000e+00,-3.104290008544921875e+00,-3.588560485839843750e+01,0.000000000000000000e+00,-3.104290008544921875e+00,-3.588560485839843750e+01,0.000000000000000000e+00,-3.104290008544921875e+00,-3.588560485839843750e+01,0.000000000000000000e+00,-3.104290008544921875e+00,-3.588560485839843750e+01,0.000000000000000000e+00,-3.104290008544921875e+00,-3.588560485839843750e+01,0.000000000000000000e+00
2.980000000000000000e+02,8.900000000000000000e+01,1.000000000000000000e+00,2.990000000000000000e+02,1.800000000000000000e+02,1.000000000000000000e+00,2.390000000000000000e+02,1.840000000000000000e+02,1.000000000000000000e+00,2.090000000000000000e+02,2.940000000000000000e+02,1.000000000000000000e+00,2.520000000000000000e+02,2.320000000000000000e+02,1.000000000000000000e+00,3.630000000000000000e+02,1.740000000000000000e+02,1.000000000000000000e+00,4.610000000000000000e+02,2.100000000000000000e+02,1.000000000000000000e+00,5.380000000000000000e+02,1.670000000000000000e+02,1.000000000000000000e+00,2.970000000000000000e+02,3.790000000000000000e+02,1.000000000000000000e+00,2.510000000000000000e+02,3.800000000000000000e+02,1.000000000000000000e+00,-1.754276275634765625e+00,-3.436478424072265625e+01,0.000000000000000000e+00,-1.754276275634765625e+00,-3.436478424072265625e+01,0.000000000000000000e+00,3.430000000000000000e+02,3.780000000000000000e+02,1.000000000000000000e+00,-1.754276275634765625e+00,-3.436478424072265625e+01,0.000000000000000000e+00,-1.754276275634765625e+00,-3.436478424072265625e+01,0.000000000000000000e+00,2.820000000000000000e+02,7.900000000000000000e+01,1.000000000000000000e+00,3.120000000000000000e+02,8.100000000000000000e+01,1.000000000000000000e+00,2.660000000000000000e+02,9.700000000000000000e+01,1.000000000000000000e+00,3.310000000000000000e+02,9.900000000000000000e+01,1.000000000000000000e+00,-1.754276275634765625e+00,-3.436478424072265625e+01,0.000000000000000000e+00,-1.754276275634765625e+00,-3.436478424072265625e+01,0.000000000000000000e+00,-1.754276275634765625e+00,-3.436478424072265625e+01,0.000000000000000000e+00,-1.754276275634765625e+00,-3.436478424072265625e+01,0.000000000000000000e+00,-1.754276275634765625e+00,-3.436478424072265625e+01,0.000000000000000000e+00,-1.754276275634765625e+00,-3.436478424072265625e+01,0.000000000000000000e+00
2.980000000000000000e+02,9.000000000000000000e+01,1.000000000000000000e+00,2.980000000000000000e+02,1.800000000000000000e+02,1.000000000000000000e+00,2.390000000000000000e+02,1.850000000000000000e+02,1.000000000000000000e+00,2.090000000000000000e+02,2.950000000000000000e+02,1.000000000000000000e+00,2.500000000000000000e+02,2.330000000000000000e+02,1.000000000000000000e+00,3.630000000000000000e+02,1.740000000000000000e+02,1.000000000000000000e+00,4.610000000000000000e+02,2.110000000000000000e+02,1.000000000000000000e+00,5.380000000000000000e+02,1.680000000000000000e+02,1.000000000000000000e+00,2.960000000000000000e+02,3.790000000000000000e+02,1.000000000000000000e+00,2.510000000000000000e+02,3.800000000000000000e+02,1.000000000000000000e+00,-2.443309783935546875e+00,-3.421269989013671875e+01,0.000000000000000000e+00,-2.443309783935546875e+00,-3.421269989013671875e+01,0.000000000000000000e+00,3.430000000000000000e+02,3.780000000000000000e+02,1.000000000000000000e+00,-2.443309783935546875e+00,-3.421269989013671875e+01,0.000000000000000000e+00,-2.443309783935546875e+00,-3.421269989013671875e+01,0.000000000000000000e+00,2.820000000000000000e+02,8.000000000000000000e+01,1.000000000000000000e+00,3.120000000000000000e+02,8.200000000000000000e+01,1.000000000000000000e+00,2.660000000000000000e+02,9.700000000000000000e+01,1.000000000000000000e+00,3.310000000000000000e+02,1.000000000000000000e+02,1.000000000000000000e+00,-2.443309783935546875e+00,-3.421269989013671875e+01,0.000000000000000000e+00,-2.443309783935546875e+00,-3.421269989013671875e+01,0.000000000000000000e+00,-2.443309783935546875e+00,-3.421269989013671875e+01,0.000000000000000000e+00,-2.443309783935546875e+00,-3.421269989013671875e+01,0.000000000000000000e+00,-2.443309783935546875e+00,-3.421269989013671875e+01,0.000000000000000000e+00,-2.443309783935546875e+00,-3.421269989013671875e+01,0.000000000000000000e+00
2.980000000000000000e+02,9.100000000000000000e+01,1.000000000000000000e+00,2.960000000000000000e+02,1.800000000000000000e+02,1.000000000000000000e+00,2.390000000000000000e+02,1.860000000000000000e+02,1.000000000000000000e+00,2.090000000000000000e+02,2.960000000000000000e+02,1.000000000000000000e+00,2.640000000000000000e+02,2.320000000000000000e+02,1.000000000000000000e+00,3.630000000000000000e+02,1.740000000000000000e+02,1.000000000000000000e+00,4.610000000000000000e+02,2.110000000000000000e+02,1.000000000000000000e+00,5.380000000000000000e+02,1.690000000000000000e+02,1.000000000000000000e+00,2.960000000000000000e+02,3.790000000000000000e+02,1.000000000000000000e+00,2.510000000000000000e+02,3.800000000000000000e+02,1.000000000000000000e+00,-2.984428405761718750e+00,-3.463084411621093750e+01,0.000000000000000000e+00,-2.984428405761718750e+00,-3.463084411621093750e+01,0.000000000000000000e+00,3.430000000000000000e+02,3.780000000000000000e+02,1.000000000000000000e+00,-2.984428405761718750e+00,-3.463084411621093750e+01,0.000000000000000000e+00,-2.984428405761718750e+00,-3.463084411621093750e+01,0.000000000000000000e+00,2.820000000000000000e+02,8.100000000000000000e+01,1.000000000000000000e+00,3.120000000000000000e+02,8.300000000000000000e+01,1.000000000000000000e+00,2.660000000000000000e+02,9.800000000000000000e+01,1.000000000000000000e+00,3.310000000000000000e+02,1.010000000000000000e+02,1.000000000000000000e+00,-2.984428405761718750e+00,-3.463084411621093750e+01,0.000000000000000000e+00,-2.984428405761718750e+00,-3.463084411621093750e+01,0.000000000000000000e+00,-2.984428405761718750e+00,-3.463084411621093750e+01,0.000000000000000000e+00,-2.984428405761718750e+00,-3.463084411621093750e+01,0.000000000000000000e+00,-2.984428405761718750e+00,-3.463084411621093750e+01,0.000000000000000000e+00,-2.984428405761718750e+00,-3.463084411621093750e+01,0.000000000000000000e+00
2.980000000000000000e+02,9.200000000000000000e+01,1.000000000000000000e+00,2.970000000000000000e+02,1.800000000000000000e+02,1.000000000000000000e+00,2.390000000000000000e+02,1.870000000000000000e+02,1.000000000000000000e+00,2.040000000000000000e+02,2.940000000000000000e+02,1.000000000000000000e+00,2.680000000000000000e+02,2.450000000000000000e+02,1.000000000000000000e+00,3.630000000000000000e+02,1.740000000000000000e+02,1.000000000000000000e+00,4.610000000000000000e+02,2.110000000000000000e+02,1.000000000000000000e+00,5.420000000000000000e+02,1.670000000000000000e+02,1.000000000000000000e+00,2.960000000000000000e+02,3.790000000000000000e+02,1.000000000000000000e+00,2.510000000000000000e+02,3.800000000000000000e+02,1.000000000000000000e+00,-1.439941406250000000e+00,-3.395182800292968750e+01,0.000000000000000000e+00,-1.439941406250000000e+00,-3.395182800292968750e+01,0.000000000000000000e+00,3.420000000000000000e+02,3.780000000000000000e+02,1.000000000000000000e+00,-1.439941406250000000e+00,-3.395182800292968750e+01,0.000000000000000000e+00,-1.439941406250000000e+00,-3.395182800292968750e+01,0.000000000000000000e+00,2.820000000000000000e+02,8.200000000000000000e+01,1.000000000000000000e+00,3.120000000000000000e+02,8.400000000000000000e+01,1.000000000000000000e+00,2.660000000000000000e+02,9.900000000000000000e+01,1.000000000000000000e+00,3.310000000000000000e+02,1.020000000000000000e+02,1.000000000000000000e+00,-1.439941406250000000e+00,-3.395182800292968750e+01,0.000000000000000000e+00,-1.439941406250000000e+00,-3.395182800292968750e+01,0.000000000000000000e+00,-1.439941406250000000e+00,-3.395182800292968750e+01,0.000000000000000000e+00,-1.439941406250000000e+00,-3.395182800292968750e+01,0.000000000000000000e+00,-1.439941406250000000e+00,-3.395182800292968750e+01,0.000000000000000000e+00,-1.439941406250000000e+00,-3.395182800292968750e+01,0.000000000000000000e+00
2.980000000000000000e+02,9.400000000000000000e+01,1.000000000000000000e+00,2.970000000000000000e+02,1.800000000000000000e+02,1.000000000000000000e+00,2.390000000000000000e+02,1.870000000000000000e+02,1.000000000000000000e+00,1.990000000000000000e+02,2.820000000000000000e+02,1.000000000000000000e+00,2.660000000000000000e+02,2.640000000000000000e+02,1.000000000000000000e+00,3.630000000000000000e+02,1.740000000000000000e+02,1.000000000000000000e+00,4.610000000000000000e+02,2.110000000000000000e+02,1.000000000000000000e+00,5.420000000000000000e+02,1.670000000000000000e+02,1.000000000000000000e+00,2.960000000000000000e+02,3.790000000000000000e+02,1.000000000000000000e+00,2.510000000000000000e+02,3.800000000000000000e+02,1.000000000000000000e+00,-2.308757781982421875e+00,-3.361375427246093750e+01,0.000000000000000000e+00,-2.308757781982421875e+00,-3.361375427246093750e+01,0.000000000000000000e+00,3.410000000000000000e+02,3.780000000000000000e+02,1.000000000000000000e+00,-2.308757781982421875e+00,-3.361375427246093750e+01,0.000000000000000000e+00,-2.308757781982421875e+00,-3.361375427246093750e+01,0.000000000000000000e+00,2.820000000000000000e+02,8.300000000000000000e+01,1.000000000000000000e+00,3.120000000000000000e+02,8.500000000000000000e+01,1.000000000000000000e+00,2.660000000000000000e+02,1.000000000000000000e+02,1.000000000000000000e+00,3.310000000000000000e+02,1.030000000000000000e+02,1.000000000000000000e+00,-2.308757781982421875e+00,-3.361375427246093750e+01,0.000000000000000000e+00,-2.308757781982421875e+00,-3.361375427246093750e+01,0.000000000000000000e+00,-2.308757781982421875e+00,-3.361375427246093750e+01,0.000000000000000000e+00,-2.308757781982421875e+00,-3.361375427246093750e+01,0.000000000000000000e+00,-2.308757781982421875e+00,-3.361375427246093750e+01,0.000000000000000000e+00,-2.308757781982421875e+00,-3.361375427246093750e+01,0.000000000000000000e+00
2.980000000000000000e+02,9.600000000000000000e+01,1.000000000000000000e+00,2.970000000000000000e+02,1.800000000000000000e+02,1.000000000000000000e+00,2.390000000000000000e+02,1.870000000000000000e+02,1.000000000000000000e+00,1.980000000000000000e+02,2.830000000000000000e+02,1.000000000000000000e+00,2.220000000000000000e+02,2.820000000000000000e+02,1.000000000000000000e+00,3.620000000000000000e+02,1.770000000000000000e+02,1.000000000000000000e+00,4.610000000000000000e+02,2.110000000000000000e+02,1.000000000000000000e+00,5.420000000000000000e+02,1.670000000000000000e+02,1.000000000000000000e+00,2.960000000000000000e+02,3.790000000000000000e+02,1.000000000000000000e+00,2.500000000000000000e+02,3.800000000000000000e+02,1.000000000000000000e+00,-2.260787963867187500e+00,-3.348160552978515625e+01,0.000000000000000000e+00,-2.260787963867187500e+00,-3.348160552978515625e+01,0.000000000000000000e+00,3.420000000000000000e+02,3.780000000000000000e+02,1.000000000000000000e+00,-2.260787963867187500e+00,-3.348160552978515625e+01,0.000000000000000000e+00,-2.260787963867187500e+00,-3.348160552978515625e+01,0.000000000000000000e+00,2.820000000000000000e+02,8.500000000000000000e+01,1.000000000000000000e+00,3.110000000000000000e+02,8.700000000000000000e+01,1.000000000000000000e+00,2.660000000000000000e+02,1.020000000000000000e+02,1.000000000000000000e+00,3.310000000000000000e+02,1.040000000000000000e+02,1.000000000000000000e+00,-2.260787963867187500e+00,-3.348160552978515625e+01,0.000000000000000000e+00,-2.260787963867187500e+00,-3.348160552978515625e+01,0.000000000000000000e+00,-2.260787963867187500e+00,-3.348160552978515625e+01,0.000000000000000000e+00,-2.260787963867187500e+00,-3.348160552978515625e+01,0.000000000000000000e+00,-2.260787963867187500e+00,-3.348160552978515625e+01,0.000000000000000000e+00,-2.260787963867187500e+00,-3.348160552978515625e+01,0.000000000000000000e+00
2.980000000000000000e+02,9.800000000000000000e+01,1.000000000000000000e+00,2.970000000000000000e+02,1.800000000000000000e+02,1.000000000000000000e+00,2.400000000000000000e+02,1.870000000000000000e+02,1.000000000000000000e+00,1.970000000000000000e+02,2.800000000000000000e+02,1.000000000000000000e+00,2.640000000000000000e+02,2.860000000000000000e+02,1.000000000000000000e+00,3.620000000000000000e+02,1.770000000000000000e+02,1.000000000000000000e+00,4.610000000000000000e+02,2.110000000000000000e+02,1.000000000000000000e+00,5.400000000000000000e+02,1.680000000000000000e+02,1.000000000000000000e+00,2.970000000000000000e+02,3.790000000000000000e+02,1.000000000000000000e+00,2.490000000000000000e+02,3.800000000000000000e+02,1.000000000000000000e+00,-2.128906250000000000e+00,-3.224307250976562500e+01,0.000000000000000000e+00,-2.128906250000000000e+00,-3.224307250976562500e+01,0.000000000000000000e+00,3.420000000000000000e+02,3.780000000000000000e+02,1.000000000000000000e+00,-2.128906250000000000e+00,-3.224307250976562500e+01,0.000000000000000000e+00,-2.128906250000000000e+00,-3.224307250976562500e+01,0.000000000000000000e+00,2.820000000000000000e+02,8.700000000000000000e+01,1.000000000000000000e+00,3.110000000000000000e+02,8.900000000000000000e+01,1.000000000000000000e+00,2.660000000000000000e+02,1.040000000000000000e+02,1.000000000000000000e+00,3.310000000000000000e+02,1.050000000000000000e+02,1.000000000000000000e+00,-2.128906250000000000e+00,-3.224307250976562500e+01,0.000000000000000000e+00,-2.128906250000000000e+00,-3.224307250976562500e+01,0.000000000000000000e+00,-2.128906250000000000e+00,-3.224307250976562500e+01,0.000000000000000000e+00,-2.128906250000000000e+00,-3.224307250976562500e+01,0.000000000000000000e+00,-2.128906250000000000e+00,-3.224307250976562500e+01,0.000000000000000000e+00,-2.128906250000000000e+00,-3.224307250976562500e+01,0.000000000000000000e+00
2.980000000000000000e+02,1.000000000000000000e+02,1.000000000000000000e+00,2.970000000000000000e+02,1.800000000000000000e+02,1.000000000000000000e+00,2.410000000000000000e+02,1.870000000000000000e+02,1.000000000000000000e+00,1.990000000000000000e+02,2.660000000000000000e+02,1.000000000000000000e+00,2.030000000000000000e+02,2.820000000000000000e+02,1.000000000000000000e+00,3.620000000000000000e+02,1.770000000000000000e+02,1.000000000000000000e+00,4.590000000000000000e+02,2.130000000000000000e+02,1.000000000000000000e+00,5.390000000000000000e+02,1.680000000000000000e+02,1.000000000000000000e+00,2.960000000000000000e+02,3.770000000000000000e+02,1.000000000000000000e+00,2.500000000000000000e+02,3.780000000000000000e+02,1.000000000000000000e+00,2.500000000000000000e+02,4.770000000000000000e+02,1.000000000000000000e+00,-1.735801696777343750e+00,-3.271041870117187500e+01,0.000000000000000000e+00,3.410000000000000000e+02,3.780000000000000000e+02,1.000000000000000000e+00,-1.735801696777343750e+00,-3.271041870117187500e+01,0.000000000000000000e+00,-1.735801696777343750e+00,-3.271041870117187500e+01,0.000000000000000000e+00,2.820000000000000000e+02,8.900000000000000000e+01,1.000000000000000000e+00,3.110000000000000000e+02,9.000000000000000000e+01,1.000000000000000000e+00,2.650000000000000000e+02,1.060000000000000000e+02,1.000000000000000000e+00,3.310000000000000000e+02,1.060000000000000000e+02,1.000000000000000000e+00,-1.735801696777343750e+00,-3.271041870117187500e+01,0.000000000000000000e+00,-1.735801696777343750e+00,-3.271041870117187500e+01,0.000000000000000000e+00,-1.735801696777343750e+00,-3.271041870117187500e+01,0.000000000000000000e+00,-1.735801696777343750e+00,-3.271041870117187500e+01,0.000000000000000000e+00,-1.735801696777343750e+00,-3.271041870117187500e+01,0.000000000000000000e+00,-1.735801696777343750e+00,-3.271041870117187500e+01,0.000000000000000000e+00
2.980000000000000000e+02,1.010000000000000000e+02,1.000000000000000000e+00,2.970000000000000000e+02,1.800000000000000000e+02,1.000000000000000000e+00,2.420000000000000000e+02,1.870000000000000000e+02,1.000000000000000000e+00,1.990000000000000000e+02,2.700000000000000000e+02,1.000000000000000000e+00,2.560000000000000000e+02,2.980000000000000000e+02,1.000000000000000000e+00,3.620000000000000000e+02,1.770000000000000000e+02,1.000000000000000000e+00,4.590000000000000000e+02,2.140000000000000000e+02,1.000000000000000000e+00,5.380000000000000000e+02,1.680000000000000000e+02,1.000000000000000000e+00,2.960000000000000000e+02,3.780000000000000000e+02,1.000000000000000000e+00,2.490000000000000000e+02,3.780000000000000000e+02,1.000000000000000000e+00,2.516173858642578125e+02,4.861216735839843750e+02,0.000000000000000000e+00,-1.666378021240234375e+00,-3.237014007568359375e+01,0.000000000000000000e+00,3.410000000000000000e+02,3.780000000000000000e+02,1.000000000000000000e+00,-1.666378021240234375e+00,-3.237014007568359375e+01,0.000000000000000000e+00,-1.666378021240234375e+00,-3.237014007568359375e+01,0.000000000000000000e+00,2.820000000000000000e+02,9.000000000000000000e+01,1.000000000000000000e+00,3.100000000000000000e+02,9.100000000000000000e+01,1.000000000000000000e+00,2.640000000000000000e+02,1.070000000000000000e+02,1.000000000000000000e+00,3.310000000000000000e+02,1.060000000000000000e+02,1.000000000000000000e+00,-1.666378021240234375e+00,-3.237014007568359375e+01,0.000000000000000000e+00,-1.666378021240234375e+00,-3.237014007568359375e+01,0.000000000000000000e+00,-1.666378021240234375e+00,-3.237014007568359375e+01,0.000000000000000000e+00,-1.666378021240234375e+00,-3.237014007568359375e+01,0.000000000000000000e+00,-1.666378021240234375e+00,-3.237014007568359375e+01,0.000000000000000000e+00,-1.666378021240234375e+00,-3.237014007568359375e+01,0.000000000000000000e+00
2.980000000000000000e+02,1.010000000000000000e+02,1.000000000000000000e+00,2.970000000000000000e+02,1.800000000000000000e+02,1.000000000000000000e+00,2.420000000000000000e+02,1.870000000000000000e+02,1.000000000000000000e+00,1.980000000000000000e+02,2.690000000000000000e+02,1.000000000000000000e+00,2.520000000000000000e+02,2.910000000000000000e+02,1.000000000000000000e+00,3.630000000000000000e+02,1.770000000000000000e+02,1.000000000000000000e+00,4.590000000000000000e+02,2.150000000000000000e+02,1.000000000000000000e+00,5.380000000000000000e+02,1.680000000000000000e+02,1.000000000000000000e+00,2.960000000000000000e+02,3.820000000000000000e+02,1.000000000000000000e+00,2.510000000000000000e+02,3.800000000000000000e+02,1.000000000000000000e+00,2.516211853027343750e+02,4.854746704101562500e+02,0.000000000000000000e+00,-1.424892425537109375e+00,-3.394677734375000000e+01,0.000000000000000000e+00,3.420000000000000000e+02,3.780000000000000000e+02,1.000000000000000000e+00,-1.424892425537109375e+00,-3.394677734375000000e+01,0.000000000000000000e+00,-1.424892425537109375e+00,-3.394677734375000000e+01,0.000000000000000000e+00,2.820000000000000000e+02,9.000000000000000000e+01,1.000000000000000000e+00,3.100000000000000000e+02,9.000000000000000000e+01,1.000000000000000000e+00,2.640000000000000000e+02,1.070000000000000000e+02,1.000000000000000000e+00,3.310000000000000000e+02,1.060000000000000000e+02,1.000000000000000000e+00,-1.424892425537109375e+00,-3.394677734375000000e+01,0.000000000000000000e+00,-1.424892425537109375e+00,-3.394677734375000000e+01,0.000000000000000000e+00,-1.424892425537109375e+00,-3.394677734375000000e+01,0.000000000000000000e+00,-1.424892425537109375e+00,-3.394677734375000000e+01,0.000000000000000000e+00,-1.424892425537109375e+00,-3.394677734375000000e+01,0.000000000000000000e+00,-1.424892425537109375e+00,-3.394677734375000000e+01,0.000000000000000000e+00
2.980000000000000000e+02,1.000000000000000000e+02,1.000000000000000000e+00,2.970000000000000000e+02,1.800000000000000000e+02,1.000000000000000000e+00,2.420000000000000000e+02,1.870000000000000000e+02,1.000000000000000000e+00,1.930000000000000000e+02,2.760000000000000000e+02,1.000000000000000000e+00,2.520000000000000000e+02,2.790000000000000000e+02,1.000000000000000000e+00,3.630000000000000000e+02,1.770000000000000000e+02,1.000000000000000000e+00,4.590000000000000000e+02,2.150000000000000000e+02,1.000000000000000000e+00,5.380000000000000000e+02,1.680000000000000000e+02,1.000000000000000000e+00,2.960000000000000000e+02,3.720000000000000000e+02,1.000000000000000000e+00,2.510000000000000000e+02,3.760000000000000000e+02,1.000000000000000000e+00,2.510000000000000000e+02,4.810000000000000000e+02,1.000000000000000000e+00,-2.039005279541015625e+00,-3.389356231689453125e+01,0.000000000000000000e+00,3.430000000000000000e+02,3.750000000000000000e+02,1.000000000000000000e+00,-2.039005279541015625e+00,-3.389356231689453125e+01,0.000000000000000000e+00,-2.039005279541015625e+00,-3.389356231689453125e+01,0.000000000000000000e+00,2.820000000000000000e+02,8.900000000000000000e+01,1.000000000000000000e+00,3.100000000000000000e+02,8.900000000000000000e+01,1.000000000000000000e+00,2.640000000000000000e+02,1.060000000000000000e+02,1.000000000000000000e+00,3.300000000000000000e+02,1.050000000000000000e+02,1.000000000000000000e+00,-2.039005279541015625e+00,-3.389356231689453125e+01,0.000000000000000000e+00,-2.039005279541015625e+00,-3.389356231689453125e+01,0.000000000000000000e+00,-2.039005279541015625e+00,-3.389356231689453125e+01,0.000000000000000000e+00,-2.039005279541015625e+00,-3.389356231689453125e+01,0.000000000000000000e+00,-2.039005279541015625e+00,-3.389356231689453125e+01,0.000000000000000000e+00,-2.039005279541015625e+00,-3.389356231689453125e+01,0.000000000000000000e+00
2.980000000000000000e+02,9.800000000000000000e+01,1.000000000000000000e+00,2.970000000000000000e+02,1.800000000000000000e+02,1.000000000000000000e+00,2.420000000000000000e+02,1.860000000000000000e+02,1.000000000000000000e+00,1.940000000000000000e+02,2.710000000000000000e+02,1.000000000000000000e+00,2.520000000000000000e+02,2.650000000000000000e+02,1.000000000000000000e+00,3.620000000000000000e+02,1.750000000000000000e+02,1.000000000000000000e+00,4.590000000000000000e+02,2.150000000000000000e+02,1.000000000000000000e+00,5.390000000000000000e+02,1.660000000000000000e+02,1.000000000000000000e+00,2.980000000000000000e+02,3.740000000000000000e+02,1.000000000000000000e+00,2.490000000000000000e+02,3.760000000000000000e+02,1.000000000000000000e+00,2.529211425781250000e+02,4.839035034179687500e+02,0.000000000000000000e+00,-2.056735992431640625e+00,-3.393521118164062500e+01,0.000000000000000000e+00,3.440000000000000000e+02,3.750000000000000000e+02,1.000000000000000000e+00,-2.056735992431640625e+00,-3.393521118164062500e+01,0.000000000000000000e+00,-2.056735992431640625e+00,-3.393521118164062500e+01,0.000000000000000000e+00,2.820000000000000000e+02,8.700000000000000000e+01,1.000000000000000000e+00,3.100000000000000000e+02,8.700000000000000000e+01,1.000000000000000000e+00,2.640000000000000000e+02,1.050000000000000000e+02,1.000000000000000000e+00,3.290000000000000000e+02,1.030000000000000000e+02,1.000000000000000000e+00,-2.056735992431640625e+00,-3.393521118164062500e+01,0.000000000000000000e+00,-2.056735992431640625e+00,-3.393521118164062500e+01,0.000000000000000000e+00,-2.056735992431640625e+00,-3.393521118164062500e+01,0.000000000000000000e+00,-2.056735992431640625e+00,-3.393521118164062500e+01,0.000000000000000000e+00,-2.056735992431640625e+00,-3.393521118164062500e+01,0.000000000000000000e+00,-2.056735992431640625e+00,-3.393521118164062500e+01,0.000000000000000000e+00
2.980000000000000000e+02,9.600000000000000000e+01,1.000000000000000000e+00,2.990000000000000000e+02,1.810000000000000000e+02,1.000000000000000000e+00,2.420000000000000000e+02,1.850000000000000000e+02,1.000000000000000000e+00,1.950000000000000000e+02,2.800000000000000000e+02,1.000000000000000000e+00,2.520000000000000000e+02,2.510000000000000000e+02,1.000000000000000000e+00,3.620000000000000000e+02,1.750000000000000000e+02,1.000000000000000000e+00,4.600000000000000000e+02,2.150000000000000000e+02,1.000000000000000000e+00,5.390000000000000000e+02,1.660000000000000000e+02,1.000000000000000000e+00,3.000000000000000000e+02,3.740000000000000000e+02,1.000000000000000000e+00,2.490000000000000000e+02,3.760000000000000000e+02,1.000000000000000000e+00,2.514090881347656250e+02,4.814671325683593750e+02,0.000000000000000000e+00,-3.569236755371093750e+00,-3.636254882812500000e+01,0.000000000000000000e+00,3.440000000000000000e+02,3.750000000000000000e+02,1.000000000000000000e+00,-3.569236755371093750e+00,-3.636254882812500000e+01,0.000000000000000000e+00,-3.569236755371093750e+00,-3.636254882812500000e+01,0.000000000000000000e+00,2.820000000000000000e+02,8.500000000000000000e+01,1.000000000000000000e+00,3.100000000000000000e+02,8.500000000000000000e+01,1.000000000000000000e+00,2.640000000000000000e+02,1.040000000000000000e+02,1.000000000000000000e+00,3.290000000000000000e+02,1.020000000000000000e+02,1.000000000000000000e+00,-3.569236755371093750e+00,-3.636254882812500000e+01,0.000000000000000000e+00,-3.569236755371093750e+00,-3.636254882812500000e+01,0.000000000000000000e+00,-3.569236755371093750e+00,-3.636254882812500000e+01,0.000000000000000000e+00,-3.569236755371093750e+00,-3.636254882812500000e+01,0.000000000000000000e+00,-3.569236755371093750e+00,-3.636254882812500000e+01,0.000000000000000000e+00,-3.569236755371093750e+00,-3.636254882812500000e+01,0.000000000000000000e+00
2.980000000000000000e+02,9.400000000000000000e+01,1.000000000000000000e+00,2.990000000000000000e+02,1.810000000000000000e+02,1.000000000000000000e+00,2.420000000000000000e+02,1.850000000000000000e+02,1.000000000000000000e+00,1.940000000000000000e+02,2.780000000000000000e+02,1.000000000000000000e+00,2.500000000000000000e+02,2.390000000000000000e+02,1.000000000000000000e+00,3.620000000000000000e+02,1.750000000000000000e+02,1.000000000000000000e+00,4.600000000000000000e+02,2.140000000000000000e+02,1.000000000000000000e+00,5.390000000000000000e+02,1.660000000000000000e+02,1.000000000000000000e+00,3.000000000000000000e+02,3.740000000000000000e+02,1.000000000000000000e+00,2.500000000000000000e+02,3.760000000000000000e+02,1.000000000000000000e+00,2.515609283447265625e+02,4.819557800292968750e+02,0.000000000000000000e+00,-3.671657562255859375e+00,-3.681692504882812500e+01,0.000000000000000000e+00,3.440000000000000000e+02,3.750000000000000000e+02,1.000000000000000000e+00,-3.671657562255859375e+00,-3.681692504882812500e+01,0.000000000000000000e+00,-3.671657562255859375e+00,-3.681692504882812500e+01,0.000000000000000000e+00,2.820000000000000000e+02,8.300000000000000000e+01,1.000000000000000000e+00,3.100000000000000000e+02,8.300000000000000000e+01,1.000000000000000000e+00,2.640000000000000000e+02,1.030000000000000000e+02,1.000000000000000000e+00,3.290000000000000000e+02,1.010000000000000000e+02,1.000000000000000000e+00,-3.671657562255859375e+00,-3.681692504882812500e+01,0.000000000000000000e+00,-3.671657562255859375e+00,-3.681692504882812500e+01,0.000000000000000000e+00,-3.671657562255859375e+00,-3.681692504882812500e+01,0.000000000000000000e+00,-3.671657562255859375e+00,-3.681692504882812500e+01,0.000000000000000000e+00,-3.671657562255859375e+00,-3.681692504882812500e+01,0.000000000000000000e+00,-3.671657562255859375e+00,-3.681692504882812500e+01,0.000000000000000000e+00
2.980000000000000000e+02,9.200000000000000000e+01,1.000000000000000000e+00,2.990000000000000000e+02,1.810000000000000000e+02,1.000000000000000000e+00,2.390000000000000000e+02,1.840000000000000000e+02,1.000000000000000000e+00,1.990000000000000000e+02,2.920000000000000000e+02,1.000000000000000000e+00,1.990000000000000000e+02,2.740000000000000000e+02,1.000000000000000000e+00,3.620000000000000000e+02,1.750000000000000000e+02,1.000000000000000000e+00,4.600000000000000000e+02,2.140000000000000000e+02,1.000000000000000000e+00,5.390000000000000000e+02,1.660000000000000000e+02,1.000000000000000000e+00,3.000000000000000000e+02,3.740000000000000000e+02,1.000000000000000000e+00,2.510000000000000000e+02,3.760000000000000000e+02,1.000000000000000000e+00,2.500000000000000000e+02,4.800000000000000000e+02,1.000000000000000000e+00,-3.781993865966796875e+00,-3.660296630859375000e+01,0.000000000000000000e+00,3.440000000000000000e+02,3.750000000000000000e+02,1.000000000000000000e+00,-3.781993865966796875e+00,-3.660296630859375000e+01,0.000000000000000000e+00,-3.781993865966796875e+00,-3.660296630859375000e+01,0.000000000000000000e+00,2.820000000000000000e+02,8.100000000000000000e+01,1.000000000000000000e+00,3.100000000000000000e+02,8.100000000000000000e+01,1.000000000000000000e+00,2.640000000000000000e+02,1.020000000000000000e+02,1.000000000000000000e+00,3.290000000000000000e+02,1.000000000000000000e+02,1.000000000000000000e+00,-3.781993865966796875e+00,-3.660296630859375000e+01,0.000000000000000000e+00,-3.781993865966796875e+00,-3.660296630859375000e+01,0.000000000000000000e+00,-3.781993865966796875e+00,-3.660296630859375000e+01,0.000000000000000000e+00,-3.781993865966796875e+00,-3.660296630859375000e+01,0.000000000000000000e+00,-3.781993865966796875e+00,-3.660296630859375000e+01,0.000000000000000000e+00,-3.781993865966796875e+00,-3.660296630859375000e+01,0.000000000000000000e+00
2.980000000000000000e+02,9.100000000000000000e+01,1.000000000000000000e+00,2.990000000000000000e+02,1.810000000000000000e+02,1.000000000000000000e+00,2.390000000000000000e+02,1.840000000000000000e+02,1.000000000000000000e+00,2.010000000000000000e+02,2.910000000000000000e+02,1.000000000000000000e+00,2.480000000000000000e+02,2.300000000000000000e+02,1.000000000000000000e+00,3.620000000000000000e+02,1.750000000000000000e+02,1.000000000000000000e+00,4.600000000000000000e+02,2.140000000000000000e+02,1.000000000000000000e+00,5.390000000000000000e+02,1.660000000000000000e+02,1.000000000000000000e+00,3.000000000000000000e+02,3.740000000000000000e+02,1.000000000000000000e+00,2.540000000000000000e+02,3.760000000000000000e+02,1.000000000000000000e+00,2.496647796630859375e+02,4.767812194824218750e+02,0.000000000000000000e+00,-4.893547058105468750e+00,-3.948311614990234375e+01,0.000000000000000000e+00,3.440000000000000000e+02,3.750000000000000000e+02,1.000000000000000000e+00,-4.893547058105468750e+00,-3.948311614990234375e+01,0.000000000000000000e+00,-4.893547058105468750e+00,-3.948311614990234375e+01,0.000000000000000000e+00,2.820000000000000000e+02,8.000000000000000000e+01,1.000000000000000000e+00,3.100000000000000000e+02,8.000000000000000000e+01,1.000000000000000000e+00,2.640000000000000000e+02,1.010000000000000000e+02,1.000000000000000000e+00,3.290000000000000000e+02,9.900000000000000000e+01,1.000000000000000000e+00,-4.893547058105468750e+00,-3.948311614990234375e+01,0.000000000000000000e+00,-4.893547058105468750e+00,-3.948311614990234375e+01,0.000000000000000000e+00,-4.893547058105468750e+00,-3.948311614990234375e+01,0.000000000000000000e+00,-4.893547058105468750e+00,-3.948311614990234375e+01,0.000000000000000000e+00,-4.893547058105468750e+00,-3.948311614990234375e+01,0.000000000000000000e+00,-4.893547058105468750e+00,-3.948311614990234375e+01,0.000000000000000000e+00
2.980000000000000000e+02,9.000000000000000000e+01,1.000000000000000000e+00,2.990000000000000000e+02,1.810000000000000000e+02,1.000000000000000000e+00,2.390000000000000000e+02,1.840000000000000000e+02,1.000000000000000000e+00,2.030000000000000000e+02,2.920000000000000000e+02,1.000000000000000000e+00,2.460000000000000000e+02,2.290000000000000000e+02,1.000000000000000000e+00,3.620000000000000000e+02,1.750000000000000000e+02,1.000000000000000000e+00,4.600000000000000000e+02,2.140000000000000000e+02,1.000000000000000000e+00,5.390000000000000000e+02,1.650000000000000000e+02,1.000000000000000000e+00,3.000000000000000000e+02,3.740000000000000000e+02,1.000000000000000000e+00,2.520000000000000000e+02,3.760000000000000000e+02,1.000000000000000000e+00,2.502216491699218750e+02,4.763252868652343750e+02,0.000000000000000000e+00,-6.252731323242187500e+00,-3.884739685058593750e+01,0.000000000000000000e+00,3.440000000000000000e+02,3.750000000000000000e+02,1.000000000000000000e+00,-6.252731323242187500e+00,-3.884739685058593750e+01,0.000000000000000000e+00,-6.252731323242187500e+00,-3.884739685058593750e+01,0.000000000000000000e+00,2.820000000000000000e+02,7.900000000000000000e+01,1.000000000000000000e+00,3.090000000000000000e+02,7.900000000000000000e+01,1.000000000000000000e+00,2.640000000000000000e+02,1.010000000000000000e+02,1.000000000000000000e+00,3.290000000000000000e+02,9.900000000000000000e+01,1.000000000000000000e+00,-6.252731323242187500e+00,-3.884739685058593750e+01,0.000000000000000000e+00,-6.252731323242187500e+00,-3.884739685058593750e+01,0.000000000000000000e+00,-6.252731323242187500e+00,-3.884739685058593750e+01,0.000000000000000000e+00,-6.252731323242187500e+00,-3.884739685058593750e+01,0.000000000000000000e+00,-6.252731323242187500e+00,-3.884739685058593750e+01,0.000000000000000000e+00,-6.252731323242187500e+00,-3.884739685058593750e+01,0.000000000000000000e+00
2.970000000000000000e+02,9.000000000000000000e+01,1.000000000000000000e+00,2.970000000000000000e+02,1.810000000000000000e+02,1.000000000000000000e+00,2.390000000000000000e+02,1.840000000000000000e+02,1.000000000000000000e+00,2.030000000000000000e+02,2.900000000000000000e+02,1.000000000000000000e+00,2.470000000000000000e+02,2.320000000000000000e+02,1.000000000000000000e+00,3.620000000000000000e+02,1.750000000000000000e+02,1.000000000000000000e+00,4.600000000000000000e+02,2.140000000000000000e+02,1.000000000000000000e+00,5.370000000000000000e+02,1.660000000000000000e+02,1.000000000000000000e+00,3.000000000000000000e+02,3.740000000000000000e+02,1.000000000000000000e+00,2.530000000000000000e+02,3.760000000000000000e+02,1.000000000000000000e+00,2.496850738525390625e+02,4.762696228027343750e+02,0.000000000000000000e+00,-5.912979125976562500e+00,-3.844029998779296875e+01,0.000000000000000000e+00,3.440000000000000000e+02,3.750000000000000000e+02,1.000000000000000000e+00,-5.912979125976562500e+00,-3.844029998779296875e+01,0.000000000000000000e+00,-5.912979125976562500e+00,-3.844029998779296875e+01,0.000000000000000000e+00,2.810000000000000000e+02,7.900000000000000000e+01,1.000000000000000000e+00,3.080000000000000000e+02,7.900000000000000000e+01,1.000000000000000000e+00,2.640000000000000000e+02,1.010000000000000000e+02,1.000000000000000000e+00,3.280000000000000000e+02,9.900000000000000000e+01,1.000000000000000000e+00,-5.912979125976562500e+00,-3.844029998779296875e+01,0.000000000000000000e+00,-5.912979125976562500e+00,-3.844029998779296875e+01,0.000000000000000000e+00,-5.912979125976562500e+00,-3.844029998779296875e+01,0.000000000000000000e+00,-5.912979125976562500e+00,-3.844029998779296875e+01,0.000000000000000000e+00,-5.912979125976562500e+00,-3.844029998779296875e+01,0.000000000000000000e+00,-5.912979125976562500e+00,-3.844029998779296875e+01,0.000000000000000000e+00
2.960000000000000000e+02,9.000000000000000000e+01,1.000000000000000000e+00,2.990000000000000000e+02,1.810000000000000000e+02,1.000000000000000000e+00,2.390000000000000000e+02,1.850000000000000000e+02,1.000000000000000000e+00,2.030000000000000000e+02,2.910000000000000000e+02,1.000000000000000000e+00,2.560000000000000000e+02,2.360000000000000000e+02,1.000000000000000000e+00,3.620000000000000000e+02,1.750000000000000000e+02,1.000000000000000000e+00,4.600000000000000000e+02,2.140000000000000000e+02,1.000000000000000000e+00,5.370000000000000000e+02,1.650000000000000000e+02,1.000000000000000000e+00,3.000000000000000000e+02,3.740000000000000000e+02,1.000000000000000000e+00,2.530000000000000000e+02,3.760000000000000000e+02,1.000000000000000000e+00,2.508748321533203125e+02,4.768023376464843750e+02,0.000000000000000000e+00,-6.137916564941406250e+00,-3.976721954345703125e+01,0.000000000000000000e+00,3.440000000000000000e+02,3.750000000000000000e+02,1.000000000000000000e+00,-6.137916564941406250e+00,-3.976721954345703125e+01,0.000000000000000000e+00,-6.137916564941406250e+00,-3.976721954345703125e+01,0.000000000000000000e+00,2.800000000000000000e+02,7.900000000000000000e+01,1.000000000000000000e+00,3.070000000000000000e+02,7.900000000000000000e+01,1.000000000000000000e+00,2.630000000000000000e+02,1.020000000000000000e+02,1.000000000000000000e+00,3.270000000000000000e+02,9.900000000000000000e+01,1.000000000000000000e+00,-6.137916564941406250e+00,-3.976721954345703125e+01,0.000000000000000000e+00,-6.137916564941406250e+00,-3.976721954345703125e+01,0.000000000000000000e+00,-6.137916564941406250e+00,-3.976721954345703125e+01,0.000000000000000000e+00,-6.137916564941406250e+00,-3.976721954345703125e+01,0.000000000000000000e+00,-6.137916564941406250e+00,-3.976721954345703125e+01,0.000000000000000000e+00,-6.137916564941406250e+00,-3.976721954345703125e+01,0.000000000000000000e+00
2.950000000000000000e+02,9.100000000000000000e+01,1.000000000000000000e+00,3.000000000000000000e+02,1.810000000000000000e+02,1.000000000000000000e+00,2.390000000000000000e+02,1.860000000000000000e+02,1.000000000000000000e+00,2.020000000000000000e+02,2.900000000000000000e+02,1.000000000000000000e+00,2.620000000000000000e+02,2.490000000000000000e+02,1.000000000000000000e+00,3.620000000000000000e+02,1.750000000000000000e+02,1.000000000000000000e+00,4.600000000000000000e+02,2.140000000000000000e+02,1.000000000000000000e+00,5.370000000000000000e+02,1.650000000000000000e+02,1.000000000000000000e+00,3.000000000000000000e+02,3.740000000000000000e+02,1.000000000000000000e+00,2.530000000000000000e+02,3.760000000000000000e+02,1.000000000000000000e+00,2.510364532470703125e+02,4.755179443359375000e+02,0.000000000000000000e+00,-5.226867675781250000e+00,-3.857605743408203125e+01,0.000000000000000000e+00,3.440000000000000000e+02,3.750000000000000000e+02,1.000000000000000000e+00,-5.226867675781250000e+00,-3.857605743408203125e+01,0.000000000000000000e+00,-5.226867675781250000e+00,-3.857605743408203125e+01,0.000000000000000000e+00,2.790000000000000000e+02,8.300000000000000000e+01,1.000000000000000000e+00,3.060000000000000000e+02,8.000000000000000000e+01,1.000000000000000000e+00,2.620000000000000000e+02,1.030000000000000000e+02,1.000000000000000000e+00,3.260000000000000000e+02,1.000000000000000000e+02,1.000000000000000000e+00,-5.226867675781250000e+00,-3.857605743408203125e+01,0.000000000000000000e+00,-5.226867675781250000e+00,-3.857605743408203125e+01,0.000000000000000000e+00,-5.226867675781250000e+00,-3.857605743408203125e+01,0.000000000000000000e+00,-5.226867675781250000e+00,-3.857605743408203125e+01,0.000000000000000000e+00,-5.226867675781250000e+00,-3.857605743408203125e+01,0.000000000000000000e+00,-5.226867675781250000e+00,-3.857605743408203125e+01,0.000000000000000000e+00
2.940000000000000000e+02,9.200000000000000000e+01,1.000000000000000000e+00,3.000000000000000000e+02,1.810000000000000000e+02,1.000000000000000000e+00,2.390000000000000000e+02,1.860000000000000000e+02,1.000000000000000000e+00,1.970000000000000000e+02,2.800000000000000000e+02,1.000000000000000000e+00,2.630000000000000000e+02,2.670000000000000000e+02,1.000000000000000000e+00,3.620000000000000000e+02,1.750000000000000000e+02,1.000000000000000000e+00,4.580000000000000000e+02,2.140000000000000000e+02,1.000000000000000000e+00,5.270000000000000000e+02,1.690000000000000000e+02,1.000000000000000000e+00,2.990000000000000000e+02,3.740000000000000000e+02,1.000000000000000000e+00,2.540000000000000000e+02,3.760000000000000000e+02,1.000000000000000000e+00,2.509935913085937500e+02,4.753585205078125000e+02,0.000000000000000000e+00,-5.400115966796875000e+00,-3.828017425537109375e+01,0.000000000000000000e+00,3.430000000000000000e+02,3.750000000000000000e+02,1.000000000000000000e+00,-5.400115966796875000e+00,-3.828017425537109375e+01,0.000000000000000000e+00,-5.400115966796875000e+00,-3.828017425537109375e+01,0.000000000000000000e+00,2.780000000000000000e+02,8.400000000000000000e+01,1.000000000000000000e+00,3.050000000000000000e+02,8.100000000000000000e+01,1.000000000000000000e+00,2.610000000000000000e+02,1.040000000000000000e+02,1.000000000000000000e+00,3.250000000000000000e+02,1.010000000000000000e+02,1.000000000000000000e+00,-5.400115966796875000e+00,-3.828017425537109375e+01,0.000000000000000000e+00,-5.400115966796875000e+00,-3.828017425537109375e+01,0.000000000000000000e+00,-5.400115966796875000e+00,-3.828017425537109375e+01,0.000000000000000000e+00,-5.400115966796875000e+00,-3.828017425537109375e+01,0.000000000000000000e+00,-5.400115966796875000e+00,-3.828017425537109375e+01,0.000000000000000000e+00,-5.400115966796875000e+00,-3.828017425537109375e+01,0.000000000000000000e+00
2.930000000000000000e+02,9.400000000000000000e+01,1.000000000000000000e+00,3.000000000000000000e+02,1.810000000000000000e+02,1.000000000000000000e+00,2.390000000000000000e+02,1.860000000000000000e+02,1.000000000000000000e+00,1.990000000000000000e+02,2.810000000000000000e+02,1.000000000000000000e+00,2.670000000000000000e+02,2.810000000000000000e+02,1.000000000000000000e+00,3.620000000000000000e+02,1.750000000000000000e+02,1.000000000000000000e+00,4.580000000000000000e+02,2.130000000000000000e+02,1.000000000000000000e+00,5.270000000000000000e+02,1.680000000000000000e+02,1.000000000000000000e+00,2.990000000000000000e+02,3.740000000000000000e+02,1.000000000000000000e+00,2.510000000000000000e+02,3.750000000000000000e+02,1.000000000000000000e+00,2.506759796142578125e+02,4.784778137207031250e+02,0.000000000000000000e+00,-5.946975708007812500e+00,-3.850301361083984375e+01,0.000000000000000000e+00,3.460000000000000000e+02,3.750000000000000000e+02,1.000000000000000000e+00,-5.946975708007812500e+00,-3.850301361083984375e+01,0.000000000000000000e+00,-5.946975708007812500e+00,-3.850301361083984375e+01,0.000000000000000000e+00,2.770000000000000000e+02,8.600000000000000000e+01,1.000000000000000000e+00,3.040000000000000000e+02,8.300000000000000000e+01,1.000000000000000000e+00,2.600000000000000000e+02,1.060000000000000000e+02,1.000000000000000000e+00,3.240000000000000000e+02,1.020000000000000000e+02,1.000000000000000000e+00,-5.946975708007812500e+00,-3.850301361083984375e+01,0.000000000000000000e+00,-5.946975708007812500e+00,-3.850301361083984375e+01,0.000000000000000000e+00,-5.946975708007812500e+00,-3.850301361083984375e+01,0.000000000000000000e+00,-5.946975708007812500e+00,-3.850301361083984375e+01,0.000000000000000000e+00,-5.946975708007812500e+00,-3.850301361083984375e+01,0.000000000000000000e+00,-5.946975708007812500e+00,-3.850301361083984375e+01,0.000000000000000000e+00
2.920000000000000000e+02,9.600000000000000000e+01,1.000000000000000000e+00,3.000000000000000000e+02,1.810000000000000000e+02,1.000000000000000000e+00,2.390000000000000000e+02,1.860000000000000000e+02,1.000000000000000000e+00,2.010000000000000000e+02,2.780000000000000000e+02,1.000000000000000000e+00,2.650000000000000000e+02,2.890000000000000000e+02,1.000000000000000000e+00,3.620000000000000000e+02,1.750000000000000000e+02,1.000000000000000000e+00,4.580000000000000000e+02,2.120000000000000000e+02,1.000000000000000000e+00,5.290000000000000000e+02,1.670000000000000000e+02,1.000000000000000000e+00,2.990000000000000000e+02,3.740000000000000000e+02,1.000000000000000000e+00,2.500000000000000000e+02,3.770000000000000000e+02,1.000000000000000000e+00,2.505834960937500000e+02,4.914129333496093750e+02,0.000000000000000000e+00,-5.337493896484375000e+00,-3.858757781982421875e+01,0.000000000000000000e+00,3.450000000000000000e+02,3.750000000000000000e+02,1.000000000000000000e+00,-5.337493896484375000e+00,-3.858757781982421875e+01,0.000000000000000000e+00,-5.337493896484375000e+00,-3.858757781982421875e+01,0.000000000000000000e+00,2.760000000000000000e+02,8.800000000000000000e+01,1.000000000000000000e+00,3.030000000000000000e+02,8.500000000000000000e+01,1.000000000000000000e+00,2.590000000000000000e+02,1.080000000000000000e+02,1.000000000000000000e+00,3.220000000000000000e+02,1.010000000000000000e+02,1.000000000000000000e+00,-5.337493896484375000e+00,-3.858757781982421875e+01,0.000000000000000000e+00,-5.337493896484375000e+00,-3.858757781982421875e+01,0.000000000000000000e+00,-5.337493896484375000e+00,-3.858757781982421875e+01,0.000000000000000000e+00,-5.337493896484375000e+00,-3.858757781982421875e+01,0.000000000000000000e+00,-5.337493896484375000e+00,-3.858757781982421875e+01,0.000000000000000000e+00,-5.337493896484375000e+00,-3.858757781982421875e+01,0.000000000000000000e+00
2.920000000000000000e+02,9.800000000000000000e+01,1.000000000000000000e+00,3.000000000000000000e+02,1.810000000000000000e+02,1.000000000000000000e+00,2.400000000000000000e+02,1.860000000000000000e+02,1.000000000000000000e+00,2.040000000000000000e+02,2.790000000000000000e+02,1.000000000000000000e+00,2.660000000000000000e+02,2.930000000000000000e+02,1.000000000000000000e+00,3.620000000000000000e+02,1.750000000000000000e+02,1.000000000000000000e+00,4.570000000000000000e+02,2.110000000000000000e+02,1.000000000000000000e+00,5.280000000000000000e+02,1.650000000000000000e+02,1.000000000000000000e+00,2.980000000000000000e+02,3.770000000000000000e+02,1.000000000000000000e+00,2.520000000000000000e+02,3.800000000000000000e+02,1.000000000000000000e+00,2.504730682373046875e+02,4.911750488281250000e+02,0.000000000000000000e+00,-5.236785888671875000e+00,-3.801493072509765625e+01,0.000000000000000000e+00,3.440000000000000000e+02,3.790000000000000000e+02,1.000000000000000000e+00,-5.236785888671875000e+00,-3.801493072509765625e+01,0.000000000000000000e+00,-5.236785888671875000e+00,-3.801493072509765625e+01,0.000000000000000000e+00,2.760000000000000000e+02,9.000000000000000000e+01,1.000000000000000000e+00,3.020000000000000000e+02,8.700000000000000000e+01,1.000000000000000000e+00,2.580000000000000000e+02,1.100000000000000000e+02,1.000000000000000000e+00,3.190000000000000000e+02,1.000000000000000000e+02,1.000000000000000000e+00,-5.236785888671875000e+00,-3.801493072509765625e+01,0.000000000000000000e+00,-5.236785888671875000e+00,-3.801493072509765625e+01,0.000000000000000000e+00,-5.236785888671875000e+00,-3.801493072509765625e+01,0.000000000000000000e+00,-5.236785888671875000e+00,-3.801493072509765625e+01,0.000000000000000000e+00,-5.236785888671875000e+00,-3.801493072509765625e+01,0.000000000000000000e+00,-5.236785888671875000e+00,-3.801493072509765625e+01,0.000000000000000000e+00
2.920000000000000000e+02,9.900000000000000000e+01,1.000000000000000000e+00,3.000000000000000000e+02,1.810000000000000000e+02,1.000000000000000000e+00,2.400000000000000000e+02,1.860000000000000000e+02,1.000000000000000000e+00,2.030000000000000000e+02,2.780000000000000000e+02,1.000000000000000000e+00,2.630000000000000000e+02,2.860000000000000000e+02,1.000000000000000000e+00,3.620000000000000000e+02,1.750000000000000000e+02,1.000000000000000000e+00,4.570000000000000000e+02,2.100000000000000000e+02,1.000000000000000000e+00,5.250000000000000000e+02,1.660000000000000000e+02,1.000000000000000000e+00,2.990000000000000000e+02,3.770000000000000000e+02,1.000000000000000000e+00,2.520000000000000000e+02,3.800000000000000000e+02,1.000000000000000000e+00,2.504948272705078125e+02,4.912835388183593750e+02,0.000000000000000000e+00,-6.239601135253906250e+00,-3.969713592529296875e+01,0.000000000000000000e+00,3.450000000000000000e+02,3.790000000000000000e+02,1.000000000000000000e+00,-6.239601135253906250e+00,-3.969713592529296875e+01,0.000000000000000000e+00,-6.239601135253906250e+00,-3.969713592529296875e+01,0.000000000000000000e+00,2.760000000000000000e+02,9.100000000000000000e+01,1.000000000000000000e+00,3.020000000000000000e+02,8.800000000000000000e+01,1.000000000000000000e+00,2.580000000000000000e+02,1.110000000000000000e+02,1.000000000000000000e+00,3.190000000000000000e+02,1.000000000000000000e+02,1.000000000000000000e+00,-6.239601135253906250e+00,-3.969713592529296875e+01,0.000000000000000000e+00,-6.239601135253906250e+00,-3.969713592529296875e+01,0.000000000000000000e+00,-6.239601135253906250e+00,-3.969713592529296875e+01,0.000000000000000000e+00,-6.239601135253906250e+00,-3.969713592529296875e+01,0.000000000000000000e+00,-6.239601135253906250e+00,-3.969713592529296875e+01,0.000000000000000000e+00,-6.239601135253906250e+00,-3.969713592529296875e+01,0.000000000000000000e+00
2.920000000000000000e+02,9.900000000000000000e+01,1.000000000000000000e+00,3.000000000000000000e+02,1.810000000000000000e+02,1.000000000000000000e+00,2.400000000000000000e+02,1.860000000000000000e+02,1.000000000000000000e+00,2.010000000000000000e+02,2.760000000000000000e+02,1.000000000000000000e+00,2.630000000000000000e+02,2.760000000000000000e+02,1.000000000000000000e+00,3.620000000000000000e+02,1.750000000000000000e+02,1.000000000000000000e+00,4.570000000000000000e+02,2.090000000000000000e+02,1.000000000000000000e+00,5.350000000000000000e+02,1.550000000000000000e+02,1.000000000000000000e+00,3.020000000000000000e+02,3.770000000000000000e+02,1.000000000000000000e+00,2.510000000000000000e+02,3.800000000000000000e+02,1.000000000000000000e+00,2.507425079345703125e+02,4.916942443847656250e+02,0.000000000000000000e+00,-1.133547210693359375e+01,-4.281631469726562500e+01,0.000000000000000000e+00,3.470000000000000000e+02,3.790000000000000000e+02,1.000000000000000000e+00,-1.133547210693359375e+01,-4.281631469726562500e+01,0.000000000000000000e+00,-1.133547210693359375e+01,-4.281631469726562500e+01,0.000000000000000000e+00,2.760000000000000000e+02,9.100000000000000000e+01,1.000000000000000000e+00,3.020000000000000000e+02,8.800000000000000000e+01,1.000000000000000000e+00,2.580000000000000000e+02,1.110000000000000000e+02,1.000000000000000000e+00,3.190000000000000000e+02,1.000000000000000000e+02,1.000000000000000000e+00,-1.133547210693359375e+01,-4.281631469726562500e+01,0.000000000000000000e+00,-1.133547210693359375e+01,-4.281631469726562500e+01,0.000000000000000000e+00,-1.133547210693359375e+01,-4.281631469726562500e+01,0.000000000000000000e+00,-1.133547210693359375e+01,-4.281631469726562500e+01,0.000000000000000000e+00,-1.133547210693359375e+01,-4.281631469726562500e+01,0.000000000000000000e+00,-1.133547210693359375e+01,-4.281631469726562500e+01,0.000000000000000000e+00
2.920000000000000000e+02,9.800000000000000000e+01,1.000000000000000000e+00,3.000000000000000000e+02,1.810000000000000000e+02,1.000000000000000000e+00,2.390000000000000000e+02,1.860000000000000000e+02,1.000000000000000000e+00,1.990000000000000000e+02,2.780000000000000000e+02,1.000000000000000000e+00,2.620000000000000000e+02,2.620000000000000000e+02,1.000000000000000000e+00,3.620000000000000000e+02,1.750000000000000000e+02,1.000000000000000000e+00,4.570000000000000000e+02,2.090000000000000000e+02,1.000000000000000000e+00,5.340000000000000000e+02,1.530000000000000000e+02,1.000000000000000000e+00,3.000000000000000000e+02,3.790000000000000000e+02,1.000000000000000000e+00,2.500000000000000000e+02,3.800000000000000000e+02,1.000000000000000000e+00,2.512131042480468750e+02,4.916030883789062500e+02,0.000000000000000000e+00,-1.169960784912109375e+01,-4.365718841552734375e+01,0.000000000000000000e+00,3.460000000000000000e+02,3.790000000000000000e+02,1.000000000000000000e+00,-1.169960784912109375e+01,-4.365718841552734375e+01,0.000000000000000000e+00,-1.169960784912109375e+01,-4.365718841552734375e+01,0.000000000000000000e+00,2.760000000000000000e+02,9.000000000000000000e+01,1.000000000000000000e+00,3.020000000000000000e+02,8.700000000000000000e+01,1.000000000000000000e+00,2.580000000000000000e+02,1.100000000000000000e+02,1.000000000000000000e+00,3.190000000000000000e+02,1.000000000000000000e+02,1.000000000000000000e+00,-1.169960784912109375e+01,-4.365718841552734375e+01,0.000000000000000000e+00,-1.169960784912109375e+01,-4.365718841552734375e+01,0.000000000000000000e+00,-1.169960784912109375e+01,-4.365718841552734375e+01,0.000000000000000000e+00,-1.169960784912109375e+01,-4.365718841552734375e+01,0.000000000000000000e+00,-1.169960784912109375e+01,-4.365718841552734375e+01,0.000000000000000000e+00,-1.169960784912109375e+01,-4.365718841552734375e+01,0.000000000000000000e+00
2.920000000000000000e+02,9.700000000000000000e+01,1.000000000000000000e+00,3.000000000000000000e+02,1.810000000000000000e+02,1.000000000000000000e+00,2.390000000000000000e+02,1.850000000000000000e+02,1.000000000000000000e+00,2.000000000000000000e+02,2.790000000000000000e+02,1.000000000000000000e+00,2.580000000000000000e+02,2.490000000000000000e+02,1.000000000000000000e+00,3.620000000000000000e+02,1.750000000000000000e+02,1.000000000000000000e+00,4.570000000000000000e+02,2.090000000000000000e+02,1.000000000000000000e+00,5.320000000000000000e+02,1.510000000000000000e+02,1.000000000000000000e+00,3.010000000000000000e+02,3.790000000000000000e+02,1.000000000000000000e+00,2.500000000000000000e+02,3.800000000000000000e+02,1.000000000000000000e+00,2.515441589355468750e+02,4.922985534667968750e+02,0.000000000000000000e+00,-1.092346954345703125e+01,-4.377874755859375000e+01,0.000000000000000000e+00,3.450000000000000000e+02,3.790000000000000000e+02,1.000000000000000000e+00,-1.092346954345703125e+01,-4.377874755859375000e+01,0.000000000000000000e+00,-1.092346954345703125e+01,-4.377874755859375000e+01,0.000000000000000000e+00,2.760000000000000000e+02,8.900000000000000000e+01,1.000000000000000000e+00,3.020000000000000000e+02,8.600000000000000000e+01,1.000000000000000000e+00,2.580000000000000000e+02,1.090000000000000000e+02,1.000000000000000000e+00,3.190000000000000000e+02,9.900000000000000000e+01,1.000000000000000000e+00,-1.092346954345703125e+01,-4.377874755859375000e+01,0.000000000000000000e+00,-1.092346954345703125e+01,-4.377874755859375000e+01,0.000000000000000000e+00,-1.092346954345703125e+01,-4.377874755859375000e+01,0.000000000000000000e+00,-1.092346954345703125e+01,-4.377874755859375000e+01,0.000000000000000000e+00,-1.092346954345703125e+01,-4.377874755859375000e+01,0.000000000000000000e+00,-1.092346954345703125e+01,-4.377874755859375000e+01,0.000000000000000000e+00
2.920000000000000000e+02,9.600000000000000000e+01,1.000000000000000000e+00,3.000000000000000000e+02,1.810000000000000000e+02,1.000000000000000000e+00,2.390000000000000000e+02,1.840000000000000000e+02,1.000000000000000000e+00,1.990000000000000000e+02,2.780000000000000000e+02,1.000000000000000000e+00,2.540000000000000000e+02,2.390000000000000000e+02,1.000000000000000000e+00,3.620000000000000000e+02,1.750000000000000000e+02,1.000000000000000000e+00,4.570000000000000000e+02,2.090000000000000000e+02,1.000000000000000000e+00,5.300000000000000000e+02,1.490000000000000000e+02,1.000000000000000000e+00,3.000000000000000000e+02,3.780000000000000000e+02,1.000000000000000000e+00,2.510000000000000000e+02,3.800000000000000000e+02,1.000000000000000000e+00,2.516847991943359375e+02,4.920546569824218750e+02,0.000000000000000000e+00,-1.122634124755859375e+01,-4.465315246582031250e+01,0.000000000000000000e+00,3.450000000000000000e+02,3.790000000000000000e+02,1.000000000000000000e+00,-1.122634124755859375e+01,-4.465315246582031250e+01,0.000000000000000000e+00,-1.122634124755859375e+01,-4.465315246582031250e+01,0.000000000000000000e+00,2.760000000000000000e+02,8.800000000000000000e+01,1.000000000000000000e+00,3.020000000000000000e+02,8.500000000000000000e+01,1.000000000000000000e+00,2.580000000000000000e+02,1.080000000000000000e+02,1.000000000000000000e+00,3.190000000000000000e+02,9.600000000000000000e+01,1.000000000000000000e+00,-1.122634124755859375e+01,-4.465315246582031250e+01,0.000000000000000000e+00,-1.122634124755859375e+01,-4.465315246582031250e+01,0.000000000000000000e+00,-1.122634124755859375e+01,-4.465315246582031250e+01,0.000000000000000000e+00,-1.122634124755859375e+01,-4.465315246582031250e+01,0.000000000000000000e+00,-1.122634124755859375e+01,-4.465315246582031250e+01,0.000000000000000000e+00,-1.122634124755859375e+01,-4.465315246582031250e+01,0.000000000000000000e+00
2.920000000000000000e+02,9.500000000000000000e+01,1.000000000000000000e+00,3.000000000000000000e+02,1.810000000000000000e+02,1.000000000000000000e+00,2.390000000000000000e+02,1.840000000000000000e+02,1.000000000000000000e+00,2.000000000000000000e+02,2.810000000000000000e+02,1.000000000000000000e+00,2.480000000000000000e+02,2.340000000000000000e+02,1.000000000000000000e+00,3.610000000000000000e+02,1.720000000000000000e+02,1.000000000000000000e+00,4.570000000000000000e+02,2.090000000000000000e+02,1.000000000000000000e+00,5.280000000000000000e+02,1.480000000000000000e+02,1.000000000000000000e+00,3.000000000000000000e+02,3.780000000000000000e+02,1.000000000000000000e+00,2.520000000000000000e+02,3.800000000000000000e+02,1.000000000000000000e+00,2.516938629150390625e+02,4.926005859375000000e+02,0.000000000000000000e+00,-9.475280761718750000e+00,-4.527640533447265625e+01,0.000000000000000000e+00,3.460000000000000000e+02,3.790000000000000000e+02,1.000000000000000000e+00,-9.475280761718750000e+00,-4.527640533447265625e+01,0.000000000000000000e+00,-9.475280761718750000e+00,-4.527640533447265625e+01,0.000000000000000000e+00,2.760000000000000000e+02,8.700000000000000000e+01,1.000000000000000000e+00,3.030000000000000000e+02,8.400000000000000000e+01,1.000000000000000000e+00,2.580000000000000000e+02,1.070000000000000000e+02,1.000000000000000000e+00,3.200000000000000000e+02,9.500000000000000000e+01,1.000000000000000000e+00,-9.475280761718750000e+00,-4.527640533447265625e+01,0.000000000000000000e+00,-9.475280761718750000e+00,-4.527640533447265625e+01,0.000000000000000000e+00,-9.475280761718750000e+00,-4.527640533447265625e+01,0.000000000000000000e+00,-9.475280761718750000e+00,-4.527640533447265625e+01,0.000000000000000000e+00,-9.475280761718750000e+00,-4.527640533447265625e+01,0.000000000000000000e+00,-9.475280761718750000e+00,-4.527640533447265625e+01,0.000000000000000000e+00
2.930000000000000000e+02,9.500000000000000000e+01,1.000000000000000000e+00,3.000000000000000000e+02,1.810000000000000000e+02,1.000000000000000000e+00,2.390000000000000000e+02,1.840000000000000000e+02,1.000000000000000000e+00,2.000000000000000000e+02,2.820000000000000000e+02,1.000000000000000000e+00,2.440000000000000000e+02,2.320000000000000000e+02,1.000000000000000000e+00,3.610000000000000000e+02,1.720000000000000000e+02,1.000000000000000000e+00,4.570000000000000000e+02,2.090000000000000000e+02,1.000000000000000000e+00,5.330000000000000000e+02,1.390000000000000000e+02,1.000000000000000000e+00,3.000000000000000000e+02,3.780000000000000000e+02,1.000000000000000000e+00,2.520000000000000000e+02,3.800000000000000000e+02,1.000000000000000000e+00,2.515270690917968750e+02,4.926829833984375000e+02,0.000000000000000000e+00,-9.402328491210937500e+00,-4.509502410888671875e+01,0.000000000000000000e+00,3.450000000000000000e+02,3.790000000000000000e+02,1.000000000000000000e+00,-9.402328491210937500e+00,-4.509502410888671875e+01,0.000000000000000000e+00,-9.402328491210937500e+00,-4.509502410888671875e+01,0.000000000000000000e+00,2.770000000000000000e+02,8.700000000000000000e+01,1.000000000000000000e+00,3.040000000000000000e+02,8.400000000000000000e+01,1.000000000000000000e+00,2.590000000000000000e+02,1.070000000000000000e+02,1.000000000000000000e+00,3.210000000000000000e+02,9.500000000000000000e+01,1.000000000000000000e+00,-9.402328491210937500e+00,-4.509502410888671875e+01,0.000000000000000000e+00,-9.402328491210937500e+00,-4.509502410888671875e+01,0.000000000000000000e+00,-9.402328491210937500e+00,-4.509502410888671875e+01,0.000000000000000000e+00,-9.402328491210937500e+00,-4.509502410888671875e+01,0.000000000000000000e+00,-9.402328491210937500e+00,-4.509502410888671875e+01,0.000000000000000000e+00,-9.402328491210937500e+00,-4.509502410888671875e+01,0.000000000000000000e+00
2.940000000000000000e+02,9.600000000000000000e+01,1.000000000000000000e+00,3.000000000000000000e+02,1.810000000000000000e+02,1.000000000000000000e+00,2.390000000000000000e+02,1.840000000000000000e+02,1.000000000000000000e+00,2.020000000000000000e+02,2.860000000000000000e+02,1.000000000000000000e+00,2.470000000000000000e+02,2.360000000000000000e+02,1.000000000000000000e+00,3.610000000000000000e+02,1.720000000000000000e+02,1.000000000000000000e+00,4.570000000000000000e+02,2.090000000000000000e+02,1.000000000000000000e+00,5.320000000000000000e+02,1.390000000000000000e+02,1.000000000000000000e+00,3.000000000000000000e+02,3.780000000000000000e+02,1.000000000000000000e+00,2.520000000000000000e+02,3.800000000000000000e+02,1.000000000000000000e+00,2.515113983154296875e+02,4.930219116210937500e+02,0.000000000000000000e+00,-9.962600708007812500e+00,-4.523783874511718750e+01,0.000000000000000000e+00,3.450000000000000000e+02,3.790000000000000000e+02,1.000000000000000000e+00,-9.962600708007812500e+00,-4.523783874511718750e+01,0.000000000000000000e+00,-9.962600708007812500e+00,-4.523783874511718750e+01,0.000000000000000000e+00,2.780000000000000000e+02,8.700000000000000000e+01,1.000000000000000000e+00,3.050000000000000000e+02,8.400000000000000000e+01,1.000000000000000000e+00,2.600000000000000000e+02,1.070000000000000000e+02,1.000000000000000000e+00,3.220000000000000000e+02,9.500000000000000000e+01,1.000000000000000000e+00,-9.962600708007812500e+00,-4.523783874511718750e+01,0.000000000000000000e+00,-9.962600708007812500e+00,-4.523783874511718750e+01,0.000000000000000000e+00,-9.962600708007812500e+00,-4.523783874511718750e+01,0.000000000000000000e+00,-9.962600708007812500e+00,-4.523783874511718750e+01,0.000000000000000000e+00,-9.962600708007812500e+00,-4.523783874511718750e+01,0.000000000000000000e+00,-9.962600708007812500e+00,-4.523783874511718750e+01,0.000000000000000000e+00
2.950000000000000000e+02,9.700000000000000000e+01,1.000000000000000000e+00,3.000000000000000000e+02,1.810000000000000000e+02,1.000000000000000000e+00,2.390000000000000000e+02,1.850000000000000000e+02,1.000000000000000000e+00,2.020000000000000000e+02,2.890000000000000000e+02,1.000000000000000000e+00,2.560000000000000000e+02,2.450000000000000000e+02,1.000000000000000000e+00,3.610000000000000000e+02,1.720000000000000000e+02,1.000000000000000000e+00,4.570000000000000000e+02,2.090000000000000000e+02,1.000000000000000000e+00,5.310000000000000000e+02,1.420000000000000000e+02,1.000000000000000000e+00,3.000000000000000000e+02,3.780000000000000000e+02,1.000000000000000000e+00,2.530000000000000000e+02,3.800000000000000000e+02,1.000000000000000000e+00,2.512384796142578125e+02,4.932695007324218750e+02,0.000000000000000000e+00,-9.079391479492187500e+00,-4.476757812500000000e+01,0.000000000000000000e+00,3.450000000000000000e+02,3.790000000000000000e+02,1.000000000000000000e+00,-9.079391479492187500e+00,-4.476757812500000000e+01,0.000000000000000000e+00,-9.079391479492187500e+00,-4.476757812500000000e+01,0.000000000000000000e+00,2.790000000000000000e+02,8.800000000000000000e+01,1.000000000000000000e+00,3.060000000000000000e+02,8.500000000000000000e+01,1.000000000000000000e+00,2.610000000000000000e+02,1.080000000000000000e+02,1.000000000000000000e+00,3.230000000000000000e+02,9.500000000000000000e+01,1.000000000000000000e+00,-9.079391479492187500e+00,-4.476757812500000000e+01,0.000000000000000000e+00,-9.079391479492187500e+00,-4.476757812500000000e+01,0.000000000000000000e+00,-9.079391479492187500e+00,-4.476757812500000000e+01,0.000000000000000000e+00,-9.079391479492187500e+00,-4.476757812500000000e+01,0.000000000000000000e+00,-9.079391479492187500e+00,-4.476757812500000000e+01,0.000000000000000000e+00,-9.079391479492187500e+00,-4.476757812500000000e+01,0.000000000000000000e+00
2.950000000000000000e+02,9.800000000000000000e+01,1.000000000000000000e+00,3.000000000000000000e+02,1.810000000000000000e+02,1.000000000000000000e+00,2.390000000000000000e+02,1.850000000000000000e+02,1.000000000000000000e+00,2.020000000000000000e+02,2.910000000000000000e+02,1.000000000000000000e+00,2.620000000000000000e+02,2.580000000000000000e+02,1.000000000000000000e+00,3.610000000000000000e+02,1.720000000000000000e+02,1.000000000000000000e+00,4.570000000000000000e+02,2.090000000000000000e+02,1.000000000000000000e+00,5.320000000000000000e+02,1.430000000000000000e+02,1.000000000000000000e+00,3.000000000000000000e+02,3.780000000000000000e+02,1.000000000000000000e+00,2.510000000000000000e+02,3.800000000000000000e+02,1.000000000000000000e+00,2.511431121826171875e+02,4.940027770996093750e+02,0.000000000000000000e+00,-9.180740356445312500e+00,-4.481523895263671875e+01,0.000000000000000000e+00,3.450000000000000000e+02,3.790000000000000000e+02,1.000000000000000000e+00,-9.180740356445312500e+00,-4.481523895263671875e+01,0.000000000000000000e+00,-9.180740356445312500e+00,-4.481523895263671875e+01,0.000000000000000000e+00,2.790000000000000000e+02,8.900000000000000000e+01,1.000000000000000000e+00,3.060000000000000000e+02,8.600000000000000000e+01,1.000000000000000000e+00,2.610000000000000000e+02,1.080000000000000000e+02,1.000000000000000000e+00,3.230000000000000000e+02,9.500000000000000000e+01,1.000000000000000000e+00,-9.180740356445312500e+00,-4.481523895263671875e+01,0.000000000000000000e+00,-9.180740356445312500e+00,-4.481523895263671875e+01,0.000000000000000000e+00,-9.180740356445312500e+00,-4.481523895263671875e+01,0.000000000000000000e+00,-9.180740356445312500e+00,-4.481523895263671875e+01,0.000000000000000000e+00,-9.180740356445312500e+00,-4.481523895263671875e+01,0.000000000000000000e+00,-9.180740356445312500e+00,-4.481523895263671875e+01,0.000000000000000000e+00
2.950000000000000000e+02,9.900000000000000000e+01,1.000000000000000000e+00,3.000000000000000000e+02,1.810000000000000000e+02,1.000000000000000000e+00,2.390000000000000000e+02,1.850000000000000000e+02,1.000000000000000000e+00,1.990000000000000000e+02,2.820000000000000000e+02,1.000000000000000000e+00,2.640000000000000000e+02,2.760000000000000000e+02,1.000000000000000000e+00,3.610000000000000000e+02,1.720000000000000000e+02,1.000000000000000000e+00,4.580000000000000000e+02,2.090000000000000000e+02,1.000000000000000000e+00,5.320000000000000000e+02,1.460000000000000000e+02,1.000000000000000000e+00,2.990000000000000000e+02,3.780000000000000000e+02,1.000000000000000000e+00,2.540000000000000000e+02,3.790000000000000000e+02,1.000000000000000000e+00,2.509191284179687500e+02,4.943499450683593750e+02,0.000000000000000000e+00,-9.434997558593750000e+00,-4.466760253906250000e+01,0.000000000000000000e+00,3.450000000000000000e+02,3.790000000000000000e+02,1.000000000000000000e+00,-9.434997558593750000e+00,-4.466760253906250000e+01,0.000000000000000000e+00,-9.434997558593750000e+00,-4.466760253906250000e+01,0.000000000000000000e+00,2.790000000000000000e+02,9.000000000000000000e+01,1.000000000000000000e+00,3.060000000000000000e+02,8.700000000000000000e+01,1.000000000000000000e+00,2.610000000000000000e+02,1.090000000000000000e+02,1.000000000000000000e+00,3.230000000000000000e+02,9.500000000000000000e+01,1.000000000000000000e+00,-9.434997558593750000e+00,-4.466760253906250000e+01,0.000000000000000000e+00,-9.434997558593750000e+00,-4.466760253906250000e+01,0.000000000000000000e+00,-9.434997558593750000e+00,-4.466760253906250000e+01,0.000000000000000000e+00,-9.434997558593750000e+00,-4.466760253906250000e+01,0.000000000000000000e+00,-9.434997558593750000e+00,-4.466760253906250000e+01,0.000000000000000000e+00,-9.434997558593750000e+00,-4.466760253906250000e+01,0.000000000000000000e+00
2.940000000000000000e+02,1.000000000000000000e+02,1.000000000000000000e+00,3.000000000000000000e+02,1.810000000000000000e+02,1.000000000000000000e+00,2.390000000000000000e+02,1.850000000000000000e+02,1.000000000000000000e+00,1.990000000000000000e+02,2.720000000000000000e+02,1.000000000000000000e+00,2.160000000000000000e+02,2.840000000000000000e+02,1.000000000000000000e+00,3.610000000000000000e+02,1.720000000000000000e+02,1.000000000000000000e+00,4.590000000000000000e+02,2.090000000000000000e+02,1.000000000000000000e+00,5.340000000000000000e+02,1.480000000000000000e+02,1.000000000000000000e+00,3.000000000000000000e+02,3.780000000000000000e+02,1.000000000000000000e+00,2.540000000000000000e+02,3.790000000000000000e+02,1.000000000000000000e+00,2.510224609375000000e+02,4.941322631835937500e+02,0.000000000000000000e+00,-1.023384857177734375e+01,-4.466008758544921875e+01,0.000000000000000000e+00,3.450000000000000000e+02,3.790000000000000000e+02,1.000000000000000000e+00,-1.023384857177734375e+01,-4.466008758544921875e+01,0.000000000000000000e+00,-1.023384857177734375e+01,-4.466008758544921875e+01,0.000000000000000000e+00,2.780000000000000000e+02,9.100000000000000000e+01,1.000000000000000000e+00,3.050000000000000000e+02,8.800000000000000000e+01,1.000000000000000000e+00,2.620000000000000000e+02,1.080000000000000000e+02,1.000000000000000000e+00,3.230000000000000000e+02,9.500000000000000000e+01,1.000000000000000000e+00,-1.023384857177734375e+01,-4.466008758544921875e+01,0.000000000000000000e+00,-1.023384857177734375e+01,-4.466008758544921875e+01,0.000000000000000000e+00,-1.023384857177734375e+01,-4.466008758544921875e+01,0.000000000000000000e+00,-1.023384857177734375e+01,-4.466008758544921875e+01,0.000000000000000000e+00,-1.023384857177734375e+01,-4.466008758544921875e+01,0.000000000000000000e+00,-1.023384857177734375e+01,-4.466008758544921875e+01,0.000000000000000000e+00
2.930000000000000000e+02,1.010000000000000000e+02,1.000000000000000000e+00,3.000000000000000000e+02,1.810000000000000000e+02,1.000000000000000000e+00,2.400000000000000000e+02,1.850000000000000000e+02,1.000000000000000000e+00,2.010000000000000000e+02,2.750000000000000000e+02,1.000000000000000000e+00,2.780000000000000000e+02,3.080000000000000000e+02,1.000000000000000000e+00,3.610000000000000000e+02,1.720000000000000000e+02,1.000000000000000000e+00,4.590000000000000000e+02,2.090000000000000000e+02,1.000000000000000000e+00,5.360000000000000000e+02,1.500000000000000000e+02,1.000000000000000000e+00,2.980000000000000000e+02,3.780000000000000000e+02,1.000000000000000000e+00,2.540000000000000000e+02,3.790000000000000000e+02,1.000000000000000000e+00,2.509428405761718750e+02,4.941266479492187500e+02,0.000000000000000000e+00,-9.228698730468750000e+00,-4.371293640136718750e+01,0.000000000000000000e+00,3.440000000000000000e+02,3.790000000000000000e+02,1.000000000000000000e+00,-9.228698730468750000e+00,-4.371293640136718750e+01,0.000000000000000000e+00,-9.228698730468750000e+00,-4.371293640136718750e+01,0.000000000000000000e+00,2.770000000000000000e+02,9.200000000000000000e+01,1.000000000000000000e+00,3.040000000000000000e+02,8.900000000000000000e+01,1.000000000000000000e+00,2.610000000000000000e+02,1.090000000000000000e+02,1.000000000000000000e+00,3.230000000000000000e+02,9.500000000000000000e+01,1.000000000000000000e+00,-9.228698730468750000e+00,-4.371293640136718750e+01,0.000000000000000000e+00,-9.228698730468750000e+00,-4.371293640136718750e+01,0.000000000000000000e+00,-9.228698730468750000e+00,-4.371293640136718750e+01,0.000000000000000000e+00,-9.228698730468750000e+00,-4.371293640136718750e+01,0.000000000000000000e+00,-9.228698730468750000e+00,-4.371293640136718750e+01,0.000000000000000000e+00,-9.228698730468750000e+00,-4.371293640136718750e+01,0.000000000000000000e+00
2.920000000000000000e+02,1.010000000000000000e+02,1.000000000000000000e+00,3.000000000000000000e+02,1.810000000000000000e+02,1.000000000000000000e+00,2.410000000000000000e+02,1.850000000000000000e+02,1.000000000000000000e+00,2.030000000000000000e+02,2.760000000000000000e+02,1.000000000000000000e+00,2.720000000000000000e+02,3.140000000000000000e+02,1.000000000000000000e+00,3.610000000000000000e+02,1.720000000000000000e+02,1.000000000000000000e+00,4.600000000000000000e+02,2.090000000000000000e+02,1.000000000000000000e+00,5.370000000000000000e+02,1.510000000000000000e+02,1.000000000000000000e+00,2.960000000000000000e+02,3.800000000000000000e+02,1.000000000000000000e+00,2.520000000000000000e+02,3.790000000000000000e+02,1.000000000000000000e+00,2.506502532958984375e+02,4.936156921386718750e+02,0.000000000000000000e+00,-9.914627075195312500e+00,-4.521833801269531250e+01,0.000000000000000000e+00,3.430000000000000000e+02,3.790000000000000000e+02,1.000000000000000000e+00,-9.914627075195312500e+00,-4.521833801269531250e+01,0.000000000000000000e+00,-9.914627075195312500e+00,-4.521833801269531250e+01,0.000000000000000000e+00,2.760000000000000000e+02,9.200000000000000000e+01,1.000000000000000000e+00,3.030000000000000000e+02,8.900000000000000000e+01,1.000000000000000000e+00,2.610000000000000000e+02,1.090000000000000000e+02,1.000000000000000000e+00,3.220000000000000000e+02,9.500000000000000000e+01,1.000000000000000000e+00,-9.914627075195312500e+00,-4.521833801269531250e+01,0.000000000000000000e+00,-9.914627075195312500e+00,-4.521833801269531250e+01,0.000000000000000000e+00,-9.914627075195312500e+00,-4.521833801269531250e+01,0.000000000000000000e+00,-9.914627075195312500e+00,-4.521833801269531250e+01,0.000000000000000000e+00,-9.914627075195312500e+00,-4.521833801269531250e+01,0.000000000000000000e+00,-9.914627075195312500e+00,-4.521833801269531250e+01,0.000000000000000000e+00
2.910000000000000000e+02,1.000000000000000000e+02,1.000000000000000000e+00,3.000000000000000000e+02,1.810000000000000000e+02,1.000000000000000000e+00,2.410000000000000000e+02,1.850000000000000000e+02,1.000000000000000000e+00,2.010000000000000000e+02,2.740000000000000000e+02,1.000000000000000000e+00,2.680000000000000000e+02,3.050000000000000000e+02,1.000000000000000000e+00,3.610000000000000000e+02,1.720000000000000000e+02,1.000000000000000000e+00,4.600000000000000000e+02,2.090000000000000000e+02,1.000000000000000000e+00,5.380000000000000000e+02,1.520000000000000000e+02,1.000000000000000000e+00,2.980000000000000000e+02,3.780000000000000000e+02,1.000000000000000000e+00,2.520000000000000000e+02,3.790000000000000000e+02,1.000000000000000000e+00,2.510014190673828125e+02,4.946836242675781250e+02,0.000000000000000000e+00,-9.845230102539062500e+00,-4.458652496337890625e+01,0.000000000000000000e+00,3.440000000000000000e+02,3.790000000000000000e+02,1.000000000000000000e+00,-9.845230102539062500e+00,-4.458652496337890625e+01,0.000000000000000000e+00,-9.845230102539062500e+00,-4.458652496337890625e+01,0.000000000000000000e+00,2.750000000000000000e+02,9.100000000000000000e+01,1.000000000000000000e+00,3.030000000000000000e+02,8.800000000000000000e+01,1.000000000000000000e+00,2.610000000000000000e+02,1.090000000000000000e+02,1.000000000000000000e+00,3.210000000000000000e+02,9.700000000000000000e+01,1.000000000000000000e+00,-9.845230102539062500e+00,-4.458652496337890625e+01,0.000000000000000000e+00,-9.845230102539062500e+00,-4.458652496337890625e+01,0.000000000000000000e+00,-9.845230102539062500e+00,-4.458652496337890625e+01,0.000000000000000000e+00,-9.845230102539062500e+00,-4.458652496337890625e+01,0.000000000000000000e+00,-9.845230102539062500e+00,-4.458652496337890625e+01,0.000000000000000000e+00,-9.845230102539062500e+00,-4.458652496337890625e+01,0.000000000000000000e+00
2.910000000000000000e+02,9.900000000000000000e+01,1.000000000000000000e+00,3.000000000000000000e+02,1.810000000000000000e+02,1.000000000000000000e+00,2.400000000000000000e+02,1.850000000000000000e+02,1.000000000000000000e+00,1.980000000000000000e+02,2.730000000000000000e+02,1.000000000000000000e+00,2.660000000000000000e+02,2.910000000000000000e+02,1.000000000000000000e+00,3.610000000000000000e+02,1.720000000000000000e+02,1.000000000000000000e+00,4.600000000000000000e+02,2.090000000000000000e+02,1.000000000000000000e+00,5.390000000000000000e+02,1.520000000000000000e+02,1.000000000000000000e+00,2.980000000000000000e+02,3.740000000000000000e+02,1.000000000000000000e+00,2.530000000000000000e+02,3.770000000000000000e+02,1.000000000000000000e+00,2.512482910156250000e+02,4.942831726074218750e+02,0.000000000000000000e+00,-1.150556945800781250e+01,-4.502655029296875000e+01,0.000000000000000000e+00,3.460000000000000000e+02,3.790000000000000000e+02,1.000000000000000000e+00,-1.150556945800781250e+01,-4.502655029296875000e+01,0.000000000000000000e+00,-1.150556945800781250e+01,-4.502655029296875000e+01,0.000000000000000000e+00,2.750000000000000000e+02,9.000000000000000000e+01,1.000000000000000000e+00,3.030000000000000000e+02,8.700000000000000000e+01,1.000000000000000000e+00,2.610000000000000000e+02,1.080000000000000000e+02,1.000000000000000000e+00,3.210000000000000000e+02,9.600000000000000000e+01,1.000000000000000000e+00,-1.150556945800781250e+01,-4.502655029296875000e+01,0.000000000000000000e+00,-1.150556945800781250e+01,-4.502655029296875000e+01,0.000000000000000000e+00,-1.150556945800781250e+01,-4.502655029296875000e+01,0.000000000000000000e+00,-1.150556945800781250e+01,-4.502655029296875000e+01,0.000000000000000000e+00,-1.150556945800781250e+01,-4.502655029296875000e+01,0.000000000000000000e+00,-1.150556945800781250e+01,-4.502655029296875000e+01,0.000000000000000000e+00
2.910000000000000000e+02,9.800000000000000000e+01,1.000000000000000000e+00,3.000000000000000000e+02,1.810000000000000000e+02,1.000000000000000000e+00,2.390000000000000000e+02,1.840000000000000000e+02,1.000000000000000000e+00,1.970000000000000000e+02,2.720000000000000000e+02,1.000000000000000000e+00,2.630000000000000000e+02,2.730000000000000000e+02,1.000000000000000000e+00,3.610000000000000000e+02,1.720000000000000000e+02,1.000000000000000000e+00,4.600000000000000000e+02,2.090000000000000000e+02,1.000000000000000000e+00,5.390000000000000000e+02,1.520000000000000000e+02,1.000000000000000000e+00,2.980000000000000000e+02,3.740000000000000000e+02,1.000000000000000000e+00,2.510000000000000000e+02,3.770000000000000000e+02,1.000000000000000000e+00,2.516938476562500000e+02,4.955297546386718750e+02,0.000000000000000000e+00,-1.160034179687500000e+01,-4.354581451416015625e+01,0.000000000000000000e+00,3.450000000000000000e+02,3.770000000000000000e+02,1.000000000000000000e+00,-1.160034179687500000e+01,-4.354581451416015625e+01,0.000000000000000000e+00,-1.160034179687500000e+01,-4.354581451416015625e+01,0.000000000000000000e+00,2.750000000000000000e+02,8.900000000000000000e+01,1.000000000000000000e+00,3.030000000000000000e+02,8.600000000000000000e+01,1.000000000000000000e+00,2.610000000000000000e+02,1.070000000000000000e+02,1.000000000000000000e+00,3.210000000000000000e+02,9.500000000000000000e+01,1.000000000000000000e+00,-1.160034179687500000e+01,-4.354581451416015625e+01,0.000000000000000000e+00,-1.160034179687500000e+01,-4.354581451416015625e+01,0.000000000000000000e+00,-1.160034179687500000e+01,-4.354581451416015625e+01,0.000000000000000000e+00,-1.160034179687500000e+01,-4.354581451416015625e+01,0.000000000000000000e+00,-1.160034179687500000e+01,-4.354581451416015625e+01,0.000000000000000000e+00,-1.160034179687500000e+01,-4.354581451416015625e+01,0.000000000000000000e+00
2.910000000000000000e+02,9.700000000000000000e+01,1.000000000000000000e+00,3.000000000000000000e+02,1.800000000000000000e+02,1.000000000000000000e+00,2.390000000000000000e+02,1.830000000000000000e+02,1.000000000000000000e+00,1.970000000000000000e+02,2.760000000000000000e+02,1.000000000000000000e+00,2.500000000000000000e+02,2.520000000000000000e+02,1.000000000000000000e+00,3.610000000000000000e+02,1.720000000000000000e+02,1.000000000000000000e+00,4.600000000000000000e+02,2.090000000000000000e+02,1.000000000000000000e+00,5.360000000000000000e+02,1.530000000000000000e+02,1.000000000000000000e+00,2.990000000000000000e+02,3.740000000000000000e+02,1.000000000000000000e+00,2.500000000000000000e+02,3.770000000000000000e+02,1.000000000000000000e+00,2.520237121582031250e+02,4.953242492675781250e+02,0.000000000000000000e+00,-1.107587432861328125e+01,-4.415277099609375000e+01,0.000000000000000000e+00,3.440000000000000000e+02,3.770000000000000000e+02,1.000000000000000000e+00,-1.107587432861328125e+01,-4.415277099609375000e+01,0.000000000000000000e+00,-1.107587432861328125e+01,-4.415277099609375000e+01,0.000000000000000000e+00,2.750000000000000000e+02,8.800000000000000000e+01,1.000000000000000000e+00,3.030000000000000000e+02,8.500000000000000000e+01,1.000000000000000000e+00,2.610000000000000000e+02,1.060000000000000000e+02,1.000000000000000000e+00,3.210000000000000000e+02,9.500000000000000000e+01,1.000000000000000000e+00,-1.107587432861328125e+01,-4.415277099609375000e+01,0.000000000000000000e+00,-1.107587432861328125e+01,-4.415277099609375000e+01,0.000000000000000000e+00,-1.107587432861328125e+01,-4.415277099609375000e+01,0.000000000000000000e+00,-1.107587432861328125e+01,-4.415277099609375000e+01,0.000000000000000000e+00,-1.107587432861328125e+01,-4.415277099609375000e+01,0.000000000000000000e+00,-1.107587432861328125e+01,-4.415277099609375000e+01,0.000000000000000000e+00
2.910000000000000000e+02,9.700000000000000000e+01,1.000000000000000000e+00,3.000000000000000000e+02,1.800000000000000000e+02,1.000000000000000000e+00,2.390000000000000000e+02,1.820000000000000000e+02,1.000000000000000000e+00,1.970000000000000000e+02,2.840000000000000000e+02,1.000000000000000000e+00,1.990000000000000000e+02,2.700000000000000000e+02,1.000000000000000000e+00,3.610000000000000000e+02,1.720000000000000000e+02,1.000000000000000000e+00,4.600000000000000000e+02,2.090000000000000000e+02,1.000000000000000000e+00,5.360000000000000000e+02,1.520000000000000000e+02,1.000000000000000000e+00,2.990000000000000000e+02,3.740000000000000000e+02,1.000000000000000000e+00,2.520000000000000000e+02,3.760000000000000000e+02,1.000000000000000000e+00,2.521951293945312500e+02,4.953384399414062500e+02,0.000000000000000000e+00,-1.161722564697265625e+01,-4.438993835449218750e+01,0.000000000000000000e+00,3.440000000000000000e+02,3.770000000000000000e+02,1.000000000000000000e+00,-1.161722564697265625e+01,-4.438993835449218750e+01,0.000000000000000000e+00,-1.161722564697265625e+01,-4.438993835449218750e+01,0.000000000000000000e+00,2.750000000000000000e+02,8.700000000000000000e+01,1.000000000000000000e+00,3.030000000000000000e+02,8.500000000000000000e+01,1.000000000000000000e+00,2.610000000000000000e+02,1.060000000000000000e+02,1.000000000000000000e+00,3.210000000000000000e+02,9.500000000000000000e+01,1.000000000000000000e+00,-1.161722564697265625e+01,-4.438993835449218750e+01,0.000000000000000000e+00,-1.161722564697265625e+01,-4.438993835449218750e+01,0.000000000000000000e+00,-1.161722564697265625e+01,-4.438993835449218750e+01,0.000000000000000000e+00,-1.161722564697265625e+01,-4.438993835449218750e+01,0.000000000000000000e+00,-1.161722564697265625e+01,-4.438993835449218750e+01,0.000000000000000000e+00,-1.161722564697265625e+01,-4.438993835449218750e+01,0.000000000000000000e+00
2.910000000000000000e+02,9.700000000000000000e+01,1.000000000000000000e+00,3.000000000000000000e+02,1.800000000000000000e+02,1.000000000000000000e+00,2.390000000000000000e+02,1.810000000000000000e+02,1.000000000000000000e+00,2.010000000000000000e+02,2.900000000000000000e+02,1.000000000000000000e+00,1.990000000000000000e+02,2.690000000000000000e+02,1.000000000000000000e+00,3.610000000000000000e+02,1.720000000000000000e+02,1.000000000000000000e+00,4.600000000000000000e+02,2.090000000000000000e+02,1.000000000000000000e+00,5.360000000000000000e+02,1.510000000000000000e+02,1.000000000000000000e+00,3.000000000000000000e+02,3.740000000000000000e+02,1.000000000000000000e+00,2.540000000000000000e+02,3.760000000000000000e+02,1.000000000000000000e+00,2.521947326660156250e+02,4.953878784179687500e+02,0.000000000000000000e+00,-1.246484375000000000e+01,-4.484904479980468750e+01,0.000000000000000000e+00,3.450000000000000000e+02,3.770000000000000000e+02,1.000000000000000000e+00,-1.246484375000000000e+01,-4.484904479980468750e+01,0.000000000000000000e+00,-1.246484375000000000e+01,-4.484904479980468750e+01,0.000000000000000000e+00,2.750000000000000000e+02,8.700000000000000000e+01,1.000000000000000000e+00,3.030000000000000000e+02,8.500000000000000000e+01,1.000000000000000000e+00,2.610000000000000000e+02,1.060000000000000000e+02,1.000000000000000000e+00,3.210000000000000000e+02,9.500000000000000000e+01,1.000000000000000000e+00,-1.246484375000000000e+01,-4.484904479980468750e+01,0.000000000000000000e+00,-1.246484375000000000e+01,-4.484904479980468750e+01,0.000000000000000000e+00,-1.246484375000000000e+01,-4.484904479980468750e+01,0.000000000000000000e+00,-1.246484375000000000e+01,-4.484904479980468750e+01,0.000000000000000000e+00,-1.246484375000000000e+01,-4.484904479980468750e+01,0.000000000000000000e+00,-1.246484375000000000e+01,-4.484904479980468750e+01,0.000000000000000000e+00
2.920000000000000000e+02,9.700000000000000000e+01,1.000000000000000000e+00,2.990000000000000000e+02,1.800000000000000000e+02,1.000000000000000000e+00,2.390000000000000000e+02,1.810000000000000000e+02,1.000000000000000000e+00,2.020000000000000000e+02,2.890000000000000000e+02,1.000000000000000000e+00,1.980000000000000000e+02,2.670000000000000000e+02,1.000000000000000000e+00,3.610000000000000000e+02,1.720000000000000000e+02,1.000000000000000000e+00,4.600000000000000000e+02,2.090000000000000000e+02,1.000000000000000000e+00,5.340000000000000000e+02,1.530000000000000000e+02,1.000000000000000000e+00,2.990000000000000000e+02,3.740000000000000000e+02,1.000000000000000000e+00,2.550000000000000000e+02,3.760000000000000000e+02,1.000000000000000000e+00,2.522841491699218750e+02,4.952590942382812500e+02,0.000000000000000000e+00,-1.159062194824218750e+01,-4.396267700195312500e+01,0.000000000000000000e+00,3.450000000000000000e+02,3.770000000000000000e+02,1.000000000000000000e+00,-1.159062194824218750e+01,-4.396267700195312500e+01,0.000000000000000000e+00,-1.159062194824218750e+01,-4.396267700195312500e+01,0.000000000000000000e+00,2.760000000000000000e+02,8.700000000000000000e+01,1.000000000000000000e+00,3.040000000000000000e+02,8.500000000000000000e+01,1.000000000000000000e+00,2.610000000000000000e+02,1.060000000000000000e+02,1.000000000000000000e+00,3.220000000000000000e+02,9.500000000000000000e+01,1.000000000000000000e+00,-1.159062194824218750e+01,-4.396267700195312500e+01,0.000000000000000000e+00,-1.159062194824218750e+01,-4.396267700195312500e+01,0.000000000000000000e+00,-1.159062194824218750e+01,-4.396267700195312500e+01,0.000000000000000000e+00,-1.159062194824218750e+01,-4.396267700195312500e+01,0.000000000000000000e+00,-1.159062194824218750e+01,-4.396267700195312500e+01,0.000000000000000000e+00,-1.159062194824218750e+01,-4.396267700195312500e+01,0.000000000000000000e+00
2.920000000000000000e+02,9.800000000000000000e+01,1.000000000000000000e+00,2.960000000000000000e+02,1.800000000000000000e+02,1.000000000000000000e+00,2.390000000000000000e+02,1.810000000000000000e+02,1.000000000000000000e+00,2.030000000000000000e+02,2.890000000000000000e+02,1.000000000000000000e+00,2.360000000000000000e+02,2.180000000000000000e+02,1.000000000000000000e+00,3.610000000000000000e+02,1.720000000000000000e+02,1.000000000000000000e+00,4.600000000000000000e+02,2.090000000000000000e+02,1.000000000000000000e+00,5.340000000000000000e+02,1.530000000000000000e+02,1.000000000000000000e+00,2.990000000000000000e+02,3.740000000000000000e+02,1.000000000000000000e+00,2.590000000000000000e+02,3.760000000000000000e+02,1.000000000000000000e+00,2.521695861816406250e+02,4.953209838867187500e+02,0.000000000000000000e+00,-1.140591430664062500e+01,-4.385453796386718750e+01,0.000000000000000000e+00,3.450000000000000000e+02,3.770000000000000000e+02,1.000000000000000000e+00,-1.140591430664062500e+01,-4.385453796386718750e+01,0.000000000000000000e+00,-1.140591430664062500e+01,-4.385453796386718750e+01,0.000000000000000000e+00,2.760000000000000000e+02,8.700000000000000000e+01,1.000000000000000000e+00,3.050000000000000000e+02,8.500000000000000000e+01,1.000000000000000000e+00,2.620000000000000000e+02,1.060000000000000000e+02,1.000000000000000000e+00,3.230000000000000000e+02,9.500000000000000000e+01,1.000000000000000000e+00,-1.140591430664062500e+01,-4.385453796386718750e+01,0.000000000000000000e+00,-1.140591430664062500e+01,-4.385453796386718750e+01,0.000000000000000000e+00,-1.140591430664062500e+01,-4.385453796386718750e+01,0.000000000000000000e+00,-1.140591430664062500e+01,-4.385453796386718750e+01,0.000000000000000000e+00,-1.140591430664062500e+01,-4.385453796386718750e+01,0.000000000000000000e+00,-1.140591430664062500e+01,-4.385453796386718750e+01,0.000000000000000000e+00
2.930000000000000000e+02,9.800000000000000000e+01,1.000000000000000000e+00,2.960000000000000000e+02,1.800000000000000000e+02,1.000000000000000000e+00,2.380000000000000000e+02,1.810000000000000000e+02,1.000000000000000000e+00,2.050000000000000000e+02,2.910000000000000000e+02,1.000000000000000000e+00,2.420000000000000000e+02,2.180000000000000000e+02,1.000000000000000000e+00,3.610000000000000000e+02,1.720000000000000000e+02,1.000000000000000000e+00,4.600000000000000000e+02,2.090000000000000000e+02,1.000000000000000000e+00,5.340000000000000000e+02,1.540000000000000000e+02,1.000000000000000000e+00,2.990000000000000000e+02,3.740000000000000000e+02,1.000000000000000000e+00,2.580000000000000000e+02,3.770000000000000000e+02,1.000000000000000000e+00,2.521139068603515625e+02,4.964143981933593750e+02,0.000000000000000000e+00,-1.256251525878906250e+01,-4.664188385009765625e+01,0.000000000000000000e+00,3.450000000000000000e+02,3.770000000000000000e+02,1.000000000000000000e+00,-1.256251525878906250e+01,-4.664188385009765625e+01,0.000000000000000000e+00,-1.256251525878906250e+01,-4.664188385009765625e+01,0.000000000000000000e+00,2.770000000000000000e+02,8.700000000000000000e+01,1.000000000000000000e+00,3.060000000000000000e+02,8.600000000000000000e+01,1.000000000000000000e+00,2.630000000000000000e+02,1.060000000000000000e+02,1.000000000000000000e+00,3.240000000000000000e+02,9.500000000000000000e+01,1.000000000000000000e+00,-1.256251525878906250e+01,-4.664188385009765625e+01,0.000000000000000000e+00,-1.256251525878906250e+01,-4.664188385009765625e+01,0.000000000000000000e+00,-1.256251525878906250e+01,-4.664188385009765625e+01,0.000000000000000000e+00,-1.256251525878906250e+01,-4.664188385009765625e+01,0.000000000000000000e+00,-1.256251525878906250e+01,-4.664188385009765625e+01,0.000000000000000000e+00,-1.256251525878906250e+01,-4.664188385009765625e+01,0.000000000000000000e+00
2.940000000000000000e+02,9.800000000000000000e+01,1.000000000000000000e+00,2.990000000000000000e+02,1.800000000000000000e+02,1.000000000000000000e+00,2.380000000000000000e+02,1.820000000000000000e+02,1.000000000000000000e+00,2.050000000000000000e+02,2.930000000000000000e+02,1.000000000000000000e+00,2.480000000000000000e+02,2.240000000000000000e+02,1.000000000000000000e+00,3.610000000000000000e+02,1.720000000000000000e+02,1.000000000000000000e+00,4.600000000000000000e+02,2.100000000000000000e+02,1.000000000000000000e+00,5.360000000000000000e+02,1.530000000000000000e+02,1.000000000000000000e+00,2.990000000000000000e+02,3.740000000000000000e+02,1.000000000000000000e+00,2.570000000000000000e+02,3.770000000000000000e+02,1.000000000000000000e+00,2.518629913330078125e+02,4.972687377929687500e+02,0.000000000000000000e+00,-1.238619232177734375e+01,-4.836164855957031250e+01,0.000000000000000000e+00,3.450000000000000000e+02,3.770000000000000000e+02,1.000000000000000000e+00,-1.238619232177734375e+01,-4.836164855957031250e+01,0.000000000000000000e+00,-1.238619232177734375e+01,-4.836164855957031250e+01,0.000000000000000000e+00,2.780000000000000000e+02,8.700000000000000000e+01,1.000000000000000000e+00,3.070000000000000000e+02,8.600000000000000000e+01,1.000000000000000000e+00,2.640000000000000000e+02,1.060000000000000000e+02,1.000000000000000000e+00,3.250000000000000000e+02,9.500000000000000000e+01,1.000000000000000000e+00,-1.238619232177734375e+01,-4.836164855957031250e+01,0.000000000000000000e+00,-1.238619232177734375e+01,-4.836164855957031250e+01,0.000000000000000000e+00,-1.238619232177734375e+01,-4.836164855957031250e+01,0.000000000000000000e+00,-1.238619232177734375e+01,-4.836164855957031250e+01,0.000000000000000000e+00,-1.238619232177734375e+01,-4.836164855957031250e+01,0.000000000000000000e+00,-1.238619232177734375e+01,-4.836164855957031250e+01,0.000000000000000000e+00
2.940000000000000000e+02,9.800000000000000000e+01,1.000000000000000000e+00,2.990000000000000000e+02,1.800000000000000000e+02,1.000000000000000000e+00,2.410000000000000000e+02,1.830000000000000000e+02,1.000000000000000000e+00,2.040000000000000000e+02,2.910000000000000000e+02,1.000000000000000000e+00,2.550000000000000000e+02,2.390000000000000000e+02,1.000000000000000000e+00,3.610000000000000000e+02,1.720000000000000000e+02,1.000000000000000000e+00,4.600000000000000000e+02,2.110000000000000000e+02,1.000000000000000000e+00,5.360000000000000000e+02,1.540000000000000000e+02,1.000000000000000000e+00,2.990000000000000000e+02,3.740000000000000000e+02,1.000000000000000000e+00,2.560000000000000000e+02,3.770000000000000000e+02,1.000000000000000000e+00,2.516598968505859375e+02,4.953804626464843750e+02,0.000000000000000000e+00,-1.212799835205078125e+01,-4.836321258544921875e+01,0.000000000000000000e+00,3.450000000000000000e+02,3.770000000000000000e+02,1.000000000000000000e+00,-1.212799835205078125e+01,-4.836321258544921875e+01,0.000000000000000000e+00,-1.212799835205078125e+01,-4.836321258544921875e+01,0.000000000000000000e+00,2.790000000000000000e+02,8.700000000000000000e+01,1.000000000000000000e+00,3.080000000000000000e+02,8.600000000000000000e+01,1.000000000000000000e+00,2.650000000000000000e+02,1.060000000000000000e+02,1.000000000000000000e+00,3.260000000000000000e+02,9.500000000000000000e+01,1.000000000000000000e+00,-1.212799835205078125e+01,-4.836321258544921875e+01,0.000000000000000000e+00,-1.212799835205078125e+01,-4.836321258544921875e+01,0.000000000000000000e+00,-1.212799835205078125e+01,-4.836321258544921875e+01,0.000000000000000000e+00,-1.212799835205078125e+01,-4.836321258544921875e+01,0.000000000000000000e+00,-1.212799835205078125e+01,-4.836321258544921875e+01,0.000000000000000000e+00,-1.212799835205078125e+01,-4.836321258544921875e+01,0.000000000000000000e+00
2.950000000000000000e+02,9.900000000000000000e+01,1.000000000000000000e+00,2.990000000000000000e+02,1.800000000000000000e+02,1.000000000000000000e+00,2.440000000000000000e+02,1.830000000000000000e+02,1.000000000000000000e+00,1.990000000000000000e+02,2.820000000000000000e+02,1.000000000000000000e+00,2.620000000000000000e+02,2.550000000000000000e+02,1.000000000000000000e+00,3.610000000000000000e+02,1.720000000000000000e+02,1.000000000000000000e+00,4.600000000000000000e+02,2.120000000000000000e+02,1.000000000000000000e+00,5.360000000000000000e+02,1.550000000000000000e+02,1.000000000000000000e+00,2.990000000000000000e+02,3.740000000000000000e+02,1.000000000000000000e+00,2.560000000000000000e+02,3.770000000000000000e+02,1.000000000000000000e+00,2.517006530761718750e+02,4.966245727539062500e+02,0.000000000000000000e+00,-1.562871551513671875e+01,-5.160954284667968750e+01,0.000000000000000000e+00,3.440000000000000000e+02,3.770000000000000000e+02,1.000000000000000000e+00,-1.562871551513671875e+01,-5.160954284667968750e+01,0.000000000000000000e+00,-1.562871551513671875e+01,-5.160954284667968750e+01,0.000000000000000000e+00,2.800000000000000000e+02,8.700000000000000000e+01,1.000000000000000000e+00,3.070000000000000000e+02,8.700000000000000000e+01,1.000000000000000000e+00,2.660000000000000000e+02,1.060000000000000000e+02,1.000000000000000000e+00,3.270000000000000000e+02,9.500000000000000000e+01,1.000000000000000000e+00,-1.562871551513671875e+01,-5.160954284667968750e+01,0.000000000000000000e+00,-1.562871551513671875e+01,-5.160954284667968750e+01,0.000000000000000000e+00,-1.562871551513671875e+01,-5.160954284667968750e+01,0.000000000000000000e+00,-1.562871551513671875e+01,-5.160954284667968750e+01,0.000000000000000000e+00,-1.562871551513671875e+01,-5.160954284667968750e+01,0.000000000000000000e+00,-1.562871551513671875e+01,-5.160954284667968750e+01,0.000000000000000000e+00
2.950000000000000000e+02,9.900000000000000000e+01,1.000000000000000000e+00,2.990000000000000000e+02,1.800000000000000000e+02,1.000000000000000000e+00,2.440000000000000000e+02,1.830000000000000000e+02,1.000000000000000000e+00,1.990000000000000000e+02,2.720000000000000000e+02,1.000000000000000000e+00,2.600000000000000000e+02,2.800000000000000000e+02,1.000000000000000000e+00,3.610000000000000000e+02,1.720000000000000000e+02,1.000000000000000000e+00,4.600000000000000000e+02,2.130000000000000000e+02,1.000000000000000000e+00,5.270000000000000000e+02,1.670000000000000000e+02,1.000000000000000000e+00,2.970000000000000000e+02,3.740000000000000000e+02,1.000000000000000000e+00,2.530000000000000000e+02,3.770000000000000000e+02,1.000000000000000000e+00,2.518517761230468750e+02,4.968452758789062500e+02,0.000000000000000000e+00,-1.586390686035156250e+01,-5.116177368164062500e+01,0.000000000000000000e+00,3.440000000000000000e+02,3.770000000000000000e+02,1.000000000000000000e+00,-1.586390686035156250e+01,-5.116177368164062500e+01,0.000000000000000000e+00,-1.586390686035156250e+01,-5.116177368164062500e+01,0.000000000000000000e+00,2.800000000000000000e+02,8.700000000000000000e+01,1.000000000000000000e+00,3.070000000000000000e+02,8.700000000000000000e+01,1.000000000000000000e+00,2.660000000000000000e+02,1.060000000000000000e+02,1.000000000000000000e+00,3.270000000000000000e+02,9.500000000000000000e+01,1.000000000000000000e+00,-1.586390686035156250e+01,-5.116177368164062500e+01,0.000000000000000000e+00,-1.586390686035156250e+01,-5.116177368164062500e+01,0.000000000000000000e+00,-1.586390686035156250e+01,-5.116177368164062500e+01,0.000000000000000000e+00,-1.586390686035156250e+01,-5.116177368164062500e+01,0.000000000000000000e+00,-1.586390686035156250e+01,-5.116177368164062500e+01,0.000000000000000000e+00,-1.586390686035156250e+01,-5.116177368164062500e+01,0.000000000000000000e+00
2.950000000000000000e+02,1.000000000000000000e+02,1.000000000000000000e+00,3.020000000000000000e+02,1.810000000000000000e+02,1.000000000000000000e+00,2.440000000000000000e+02,1.830000000000000000e+02,1.000000000000000000e+00,2.000000000000000000e+02,2.730000000000000000e+02,1.000000000000000000e+00,2.660000000000000000e+02,2.940000000000000000e+02,1.000000000000000000e+00,3.610000000000000000e+02,1.720000000000000000e+02,1.000000000000000000e+00,4.600000000000000000e+02,2.130000000000000000e+02,1.000000000000000000e+00,5.280000000000000000e+02,1.680000000000000000e+02,1.000000000000000000e+00,2.980000000000000000e+02,3.760000000000000000e+02,1.000000000000000000e+00,2.500000000000000000e+02,3.760000000000000000e+02,1.000000000000000000e+00,2.515030212402343750e+02,4.961865539550781250e+02,0.000000000000000000e+00,-1.619015502929687500e+01,-4.849162292480468750e+01,0.000000000000000000e+00,3.460000000000000000e+02,3.770000000000000000e+02,1.000000000000000000e+00,-1.619015502929687500e+01,-4.849162292480468750e+01,0.000000000000000000e+00,-1.619015502929687500e+01,-4.849162292480468750e+01,0.000000000000000000e+00,2.800000000000000000e+02,8.800000000000000000e+01,1.000000000000000000e+00,3.070000000000000000e+02,8.800000000000000000e+01,1.000000000000000000e+00,2.660000000000000000e+02,1.060000000000000000e+02,1.000000000000000000e+00,3.270000000000000000e+02,9.500000000000000000e+01,1.000000000000000000e+00,-1.619015502929687500e+01,-4.849162292480468750e+01,0.000000000000000000e+00,-1.619015502929687500e+01,-4.849162292480468750e+01,0.000000000000000000e+00,-1.619015502929687500e+01,-4.849162292480468750e+01,0.000000000000000000e+00,-1.619015502929687500e+01,-4.849162292480468750e+01,0.000000000000000000e+00,-1.619015502929687500e+01,-4.849162292480468750e+01,0.000000000000000000e+00,-1.619015502929687500e+01,-4.849162292480468750e+01,0.000000000000000000e+00
2.950000000000000000e+02,1.000000000000000000e+02,1.000000000000000000e+00,3.020000000000000000e+02,1.810000000000000000e+02,1.000000000000000000e+00,2.450000000000000000e+02,1.830000000000000000e+02,1.000000000000000000e+00,2.010000000000000000e+02,2.700000000000000000e+02,1.000000000000000000e+00,2.170000000000000000e+02,2.820000000000000000e+02,1.000000000000000000e+00,3.610000000000000000e+02,1.720000000000000000e+02,1.000000000000000000e+00,4.600000000000000000e+02,2.130000000000000000e+02,1.000000000000000000e+00,5.260000000000000000e+02,1.700000000000000000e+02,1.000000000000000000e+00,2.980000000000000000e+02,3.810000000000000000e+02,1.000000000000000000e+00,2.540000000000000000e+02,3.780000000000000000e+02,1.000000000000000000e+00,2.513825225830078125e+02,4.970995788574218750e+02,0.000000000000000000e+00,-1.579622650146484375e+01,-4.880247497558593750e+01,0.000000000000000000e+00,3.420000000000000000e+02,3.770000000000000000e+02,1.000000000000000000e+00,-1.579622650146484375e+01,-4.880247497558593750e+01,0.000000000000000000e+00,-1.579622650146484375e+01,-4.880247497558593750e+01,0.000000000000000000e+00,2.800000000000000000e+02,8.800000000000000000e+01,1.000000000000000000e+00,3.070000000000000000e+02,8.800000000000000000e+01,1.000000000000000000e+00,2.660000000000000000e+02,1.060000000000000000e+02,1.000000000000000000e+00,3.270000000000000000e+02,9.500000000000000000e+01,1.000000000000000000e+00,-1.579622650146484375e+01,-4.880247497558593750e+01,0.000000000000000000e+00,-1.579622650146484375e+01,-4.880247497558593750e+01,0.000000000000000000e+00,-1.579622650146484375e+01,-4.880247497558593750e+01,0.000000000000000000e+00,-1.579622650146484375e+01,-4.880247497558593750e+01,0.000000000000000000e+00,-1.579622650146484375e+01,-4.880247497558593750e+01,0.000000000000000000e+00,-1.579622650146484375e+01,-4.880247497558593750e+01,0.000000000000000000e+00
2.950000000000000000e+02,1.000000000000000000e+02,1.000000000000000000e+00,3.020000000000000000e+02,1.810000000000000000e+02,1.000000000000000000e+00,2.460000000000000000e+02,1.830000000000000000e+02,1.000000000000000000e+00,2.020000000000000000e+02,2.720000000000000000e+02,1.000000000000000000e+00,2.560000000000000000e+02,3.060000000000000000e+02,1.000000000000000000e+00,3.610000000000000000e+02,1.720000000000000000e+02,1.000000000000000000e+00,4.600000000000000000e+02,2.130000000000000000e+02,1.000000000000000000e+00,5.270000000000000000e+02,1.710000000000000000e+02,1.000000000000000000e+00,2.980000000000000000e+02,3.680000000000000000e+02,1.000000000000000000e+00,2.600000000000000000e+02,3.730000000000000000e+02,1.000000000000000000e+00,2.511856842041015625e+02,4.960349426269531250e+02,0.000000000000000000e+00,-1.467904663085937500e+01,-4.625265502929687500e+01,0.000000000000000000e+00,3.430000000000000000e+02,3.740000000000000000e+02,1.000000000000000000e+00,-1.467904663085937500e+01,-4.625265502929687500e+01,0.000000000000000000e+00,-1.467904663085937500e+01,-4.625265502929687500e+01,0.000000000000000000e+00,2.800000000000000000e+02,8.800000000000000000e+01,1.000000000000000000e+00,3.070000000000000000e+02,8.800000000000000000e+01,1.000000000000000000e+00,2.660000000000000000e+02,1.060000000000000000e+02,1.000000000000000000e+00,3.270000000000000000e+02,9.500000000000000000e+01,1.000000000000000000e+00,-1.467904663085937500e+01,-4.625265502929687500e+01,0.000000000000000000e+00,-1.467904663085937500e+01,-4.625265502929687500e+01,0.000000000000000000e+00,-1.467904663085937500e+01,-4.625265502929687500e+01,0.000000000000000000e+00,-1.467904663085937500e+01,-4.625265502929687500e+01,0.000000000000000000e+00,-1.467904663085937500e+01,-4.625265502929687500e+01,0.000000000000000000e+00,-1.467904663085937500e+01,-4.625265502929687500e+01,0.000000000000000000e+00
2.950000000000000000e+02,1.000000000000000000e+02,1.000000000000000000e+00,3.020000000000000000e+02,1.810000000000000000e+02,1.000000000000000000e+00,2.460000000000000000e+02,1.830000000000000000e+02,1.000000000000000000e+00,2.000000000000000000e+02,2.710000000000000000e+02,1.000000000000000000e+00,2.520000000000000000e+02,2.990000000000000000e+02,1.000000000000000000e+00,3.610000000000000000e+02,1.720000000000000000e+02,1.000000000000000000e+00,4.600000000000000000e+02,2.130000000000000000e+02,1.000000000000000000e+00,5.390000000000000000e+02,1.590000000000000000e+02,1.000000000000000000e+00,2.980000000000000000e+02,3.780000000000000000e+02,1.000000000000000000e+00,2.560000000000000000e+02,3.780000000000000000e+02,1.000000000000000000e+00,2.511769866943359375e+02,4.965795593261718750e+02,0.000000000000000000e+00,-1.435585784912109375e+01,-4.768637847900390625e+01,0.000000000000000000e+00,3.430000000000000000e+02,3.740000000000000000e+02,1.000000000000000000e+00,-1.435585784912109375e+01,-4.768637847900390625e+01,0.000000000000000000e+00,-1.435585784912109375e+01,-4.768637847900390625e+01,0.000000000000000000e+00,2.800000000000000000e+02,8.800000000000000000e+01,1.000000000000000000e+00,3.070000000000000000e+02,8.800000000000000000e+01,1.000000000000000000e+00,2.660000000000000000e+02,1.060000000000000000e+02,1.000000000000000000e+00,3.270000000000000000e+02,9.500000000000000000e+01,1.000000000000000000e+00,-1.435585784912109375e+01,-4.768637847900390625e+01,0.000000000000000000e+00,-1.435585784912109375e+01,-4.768637847900390625e+01,0.000000000000000000e+00,-1.435585784912109375e+01,-4.768637847900390625e+01,0.000000000000000000e+00,-1.435585784912109375e+01,-4.768637847900390625e+01,0.000000000000000000e+00,-1.435585784912109375e+01,-4.768637847900390625e+01,0.000000000000000000e+00,-1.435585784912109375e+01,-4.768637847900390625e+01,0.000000000000000000e+00
2.960000000000000000e+02,9.900000000000000000e+01,1.000000000000000000e+00,3.020000000000000000e+02,1.810000000000000000e+02,1.000000000000000000e+00,2.460000000000000000e+02,1.830000000000000000e+02,1.000000000000000000e+00,1.990000000000000000e+02,2.670000000000000000e+02,1.000000000000000000e+00,2.640000000000000000e+02,2.880000000000000000e+02,1.000000000000000000e+00,3.610000000000000000e+02,1.720000000000000000e+02,1.000000000000000000e+00,4.610000000000000000e+02,2.130000000000000000e+02,1.000000000000000000e+00,5.390000000000000000e+02,1.620000000000000000e+02,1.000000000000000000e+00,2.980000000000000000e+02,3.780000000000000000e+02,1.000000000000000000e+00,2.520000000000000000e+02,3.780000000000000000e+02,1.000000000000000000e+00,2.517637786865234375e+02,4.975868835449218750e+02,0.000000000000000000e+00,-1.472254180908203125e+01,-4.722261810302734375e+01,0.000000000000000000e+00,3.450000000000000000e+02,3.740000000000000000e+02,1.000000000000000000e+00,-1.472254180908203125e+01,-4.722261810302734375e+01,0.000000000000000000e+00,-1.472254180908203125e+01,-4.722261810302734375e+01,0.000000000000000000e+00,2.810000000000000000e+02,8.700000000000000000e+01,1.000000000000000000e+00,3.080000000000000000e+02,8.700000000000000000e+01,1.000000000000000000e+00,2.660000000000000000e+02,1.050000000000000000e+02,1.000000000000000000e+00,3.270000000000000000e+02,9.400000000000000000e+01,1.000000000000000000e+00,-1.472254180908203125e+01,-4.722261810302734375e+01,0.000000000000000000e+00,-1.472254180908203125e+01,-4.722261810302734375e+01,0.000000000000000000e+00,-1.472254180908203125e+01,-4.722261810302734375e+01,0.000000000000000000e+00,-1.472254180908203125e+01,-4.722261810302734375e+01,0.000000000000000000e+00,-1.472254180908203125e+01,-4.722261810302734375e+01,0.000000000000000000e+00,-1.472254180908203125e+01,-4.722261810302734375e+01,0.000000000000000000e+00
2.960000000000000000e+02,9.900000000000000000e+01,1.000000000000000000e+00,3.020000000000000000e+02,1.810000000000000000e+02,1.000000000000000000e+00,2.450000000000000000e+02,1.820000000000000000e+02,1.000000000000000000e+00,1.980000000000000000e+02,2.680000000000000000e+02,1.000000000000000000e+00,2.650000000000000000e+02,2.730000000000000000e+02,1.000000000000000000e+00,3.610000000000000000e+02,1.720000000000000000e+02,1.000000000000000000e+00,4.610000000000000000e+02,2.130000000000000000e+02,1.000000000000000000e+00,5.390000000000000000e+02,1.620000000000000000e+02,1.000000000000000000e+00,3.020000000000000000e+02,3.770000000000000000e+02,1.000000000000000000e+00,2.500000000000000000e+02,3.780000000000000000e+02,1.000000000000000000e+00,2.521595306396484375e+02,4.967442321777343750e+02,0.000000000000000000e+00,-1.509711456298828125e+01,-4.845285797119140625e+01,0.000000000000000000e+00,3.450000000000000000e+02,3.740000000000000000e+02,1.000000000000000000e+00,-1.509711456298828125e+01,-4.845285797119140625e+01,0.000000000000000000e+00,-1.509711456298828125e+01,-4.845285797119140625e+01,0.000000000000000000e+00,2.810000000000000000e+02,8.700000000000000000e+01,1.000000000000000000e+00,3.080000000000000000e+02,8.700000000000000000e+01,1.000000000000000000e+00,2.660000000000000000e+02,1.040000000000000000e+02,1.000000000000000000e+00,3.270000000000000000e+02,9.400000000000000000e+01,1.000000000000000000e+00,-1.509711456298828125e+01,-4.845285797119140625e+01,0.000000000000000000e+00,-1.509711456298828125e+01,-4.845285797119140625e+01,0.000000000000000000e+00,-1.509711456298828125e+01,-4.845285797119140625e+01,0.000000000000000000e+00,-1.509711456298828125e+01,-4.845285797119140625e+01,0.000000000000000000e+00,-1.509711456298828125e+01,-4.845285797119140625e+01,0.000000000000000000e+00,-1.509711456298828125e+01,-4.845285797119140625e+01,0.000000000000000000e+00
2.960000000000000000e+02,9.900000000000000000e+01,1.000000000000000000e+00,3.020000000000000000e+02,1.810000000000000000e+02,1.000000000000000000e+00,2.450000000000000000e+02,1.810000000000000000e+02,1.000000000000000000e+00,1.970000000000000000e+02,2.740000000000000000e+02,1.000000000000000000e+00,2.610000000000000000e+02,2.550000000000000000e+02,1.000000000000000000e+00,3.610000000000000000e+02,1.720000000000000000e+02,1.000000000000000000e+00,4.610000000000000000e+02,2.130000000000000000e+02,1.000000000000000000e+00,5.390000000000000000e+02,1.620000000000000000e+02,1.000000000000000000e+00,3.010000000000000000e+02,3.770000000000000000e+02,1.000000000000000000e+00,2.500000000000000000e+02,3.780000000000000000e+02,1.000000000000000000e+00,2.521798706054687500e+02,4.979472045898437500e+02,0.000000000000000000e+00,-1.493022155761718750e+01,-4.931572723388671875e+01,0.000000000000000000e+00,3.440000000000000000e+02,3.740000000000000000e+02,1.000000000000000000e+00,-1.493022155761718750e+01,-4.931572723388671875e+01,0.000000000000000000e+00,-1.493022155761718750e+01,-4.931572723388671875e+01,0.000000000000000000e+00,2.810000000000000000e+02,8.700000000000000000e+01,1.000000000000000000e+00,3.080000000000000000e+02,8.700000000000000000e+01,1.000000000000000000e+00,2.660000000000000000e+02,1.040000000000000000e+02,1.000000000000000000e+00,3.270000000000000000e+02,9.400000000000000000e+01,1.000000000000000000e+00,-1.493022155761718750e+01,-4.931572723388671875e+01,0.000000000000000000e+00,-1.493022155761718750e+01,-4.931572723388671875e+01,0.000000000000000000e+00,-1.493022155761718750e+01,-4.931572723388671875e+01,0.000000000000000000e+00,-1.493022155761718750e+01,-4.931572723388671875e+01,0.000000000000000000e+00,-1.493022155761718750e+01,-4.931572723388671875e+01,0.000000000000000000e+00,-1.493022155761718750e+01,-4.931572723388671875e+01,0.000000000000000000e+00
2.960000000000000000e+02,9.900000000000000000e+01,1.000000000000000000e+00,3.020000000000000000e+02,1.810000000000000000e+02,1.000000000000000000e+00,2.450000000000000000e+02,1.810000000000000000e+02,1.000000000000000000e+00,1.960000000000000000e+02,2.740000000000000000e+02,1.000000000000000000e+00,2.580000000000000000e+02,2.390000000000000000e+02,1.000000000000000000e+00,3.610000000000000000e+02,1.720000000000000000e+02,1.000000000000000000e+00,4.610000000000000000e+02,2.130000000000000000e+02,1.000000000000000000e+00,5.390000000000000000e+02,1.620000000000000000e+02,1.000000000000000000e+00,3.000000000000000000e+02,3.750000000000000000e+02,1.000000000000000000e+00,2.530000000000000000e+02,3.750000000000000000e+02,1.000000000000000000e+00,2.526570892333984375e+02,4.992191467285156250e+02,0.000000000000000000e+00,-1.440876770019531250e+01,-4.695028686523437500e+01,0.000000000000000000e+00,3.450000000000000000e+02,3.740000000000000000e+02,1.000000000000000000e+00,-1.440876770019531250e+01,-4.695028686523437500e+01,0.000000000000000000e+00,-1.440876770019531250e+01,-4.695028686523437500e+01,0.000000000000000000e+00,2.810000000000000000e+02,8.700000000000000000e+01,1.000000000000000000e+00,3.080000000000000000e+02,8.700000000000000000e+01,1.000000000000000000e+00,2.660000000000000000e+02,1.040000000000000000e+02,1.000000000000000000e+00,3.270000000000000000e+02,9.400000000000000000e+01,1.000000000000000000e+00,-1.440876770019531250e+01,-4.695028686523437500e+01,0.000000000000000000e+00,-1.440876770019531250e+01,-4.695028686523437500e+01,0.000000000000000000e+00,-1.440876770019531250e+01,-4.695028686523437500e+01,0.000000000000000000e+00,-1.440876770019531250e+01,-4.695028686523437500e+01,0.000000000000000000e+00,-1.440876770019531250e+01,-4.695028686523437500e+01,0.000000000000000000e+00,-1.440876770019531250e+01,-4.695028686523437500e+01,0.000000000000000000e+00
2.960000000000000000e+02,1.000000000000000000e+02,1.000000000000000000e+00,3.020000000000000000e+02,1.810000000000000000e+02,1.000000000000000000e+00,2.450000000000000000e+02,1.810000000000000000e+02,1.000000000000000000e+00,1.970000000000000000e+02,2.760000000000000000e+02,1.000000000000000000e+00,2.530000000000000000e+02,2.260000000000000000e+02,1.000000000000000000e+00,3.610000000000000000e+02,1.720000000000000000e+02,1.000000000000000000e+00,4.610000000000000000e+02,2.130000000000000000e+02,1.000000000000000000e+00,5.390000000000000000e+02,1.620000000000000000e+02,1.000000000000000000e+00,3.010000000000000000e+02,3.750000000000000000e+02,1.000000000000000000e+00,2.540000000000000000e+02,3.750000000000000000e+02,1.000000000000000000e+00,2.529099273681640625e+02,4.987705078125000000e+02,0.000000000000000000e+00,-1.549045562744140625e+01,-4.700889587402343750e+01,0.000000000000000000e+00,3.440000000000000000e+02,3.740000000000000000e+02,1.000000000000000000e+00,-1.549045562744140625e+01,-4.700889587402343750e+01,0.000000000000000000e+00,-1.549045562744140625e+01,-4.700889587402343750e+01,0.000000000000000000e+00,2.810000000000000000e+02,8.800000000000000000e+01,1.000000000000000000e+00,3.080000000000000000e+02,8.800000000000000000e+01,1.000000000000000000e+00,2.660000000000000000e+02,1.040000000000000000e+02,1.000000000000000000e+00,3.270000000000000000e+02,9.500000000000000000e+01,1.000000000000000000e+00,-1.549045562744140625e+01,-4.700889587402343750e+01,0.000000000000000000e+00,-1.549045562744140625e+01,-4.700889587402343750e+01,0.000000000000000000e+00,-1.549045562744140625e+01,-4.700889587402343750e+01,0.000000000000000000e+00,-1.549045562744140625e+01,-4.700889587402343750e+01,0.000000000000000000e+00,-1.549045562744140625e+01,-4.700889587402343750e+01,0.000000000000000000e+00,-1.549045562744140625e+01,-4.700889587402343750e+01,0.000000000000000000e+00
2.960000000000000000e+02,1.010000000000000000e+02,1.000000000000000000e+00,3.020000000000000000e+02,1.810000000000000000e+02,1.000000000000000000e+00,2.450000000000000000e+02,1.810000000000000000e+02,1.000000000000000000e+00,1.990000000000000000e+02,2.800000000000000000e+02,1.000000000000000000e+00,2.010000000000000000e+02,2.680000000000000000e+02,1.000000000000000000e+00,3.610000000000000000e+02,1.720000000000000000e+02,1.000000000000000000e+00,4.610000000000000000e+02,2.130000000000000000e+02,1.000000000000000000e+00,5.380000000000000000e+02,1.650000000000000000e+02,1.000000000000000000e+00,3.010000000000000000e+02,3.750000000000000000e+02,1.000000000000000000e+00,2.570000000000000000e+02,3.750000000000000000e+02,1.000000000000000000e+00,2.531228942871093750e+02,4.991461181640625000e+02,0.000000000000000000e+00,-1.629313659667968750e+01,-4.785735321044921875e+01,0.000000000000000000e+00,3.440000000000000000e+02,3.740000000000000000e+02,1.000000000000000000e+00,-1.629313659667968750e+01,-4.785735321044921875e+01,0.000000000000000000e+00,-1.629313659667968750e+01,-4.785735321044921875e+01,0.000000000000000000e+00,2.820000000000000000e+02,8.900000000000000000e+01,1.000000000000000000e+00,3.080000000000000000e+02,8.900000000000000000e+01,1.000000000000000000e+00,2.660000000000000000e+02,1.040000000000000000e+02,1.000000000000000000e+00,3.270000000000000000e+02,9.500000000000000000e+01,1.000000000000000000e+00,-1.629313659667968750e+01,-4.785735321044921875e+01,0.000000000000000000e+00,-1.629313659667968750e+01,-4.785735321044921875e+01,0.000000000000000000e+00,-1.629313659667968750e+01,-4.785735321044921875e+01,0.000000000000000000e+00,-1.629313659667968750e+01,-4.785735321044921875e+01,0.000000000000000000e+00,-1.629313659667968750e+01,-4.785735321044921875e+01,0.000000000000000000e+00,-1.629313659667968750e+01,-4.785735321044921875e+01,0.000000000000000000e+00
2.960000000000000000e+02,1.020000000000000000e+02,1.000000000000000000e+00,3.000000000000000000e+02,1.810000000000000000e+02,1.000000000000000000e+00,2.450000000000000000e+02,1.810000000000000000e+02,1.000000000000000000e+00,2.000000000000000000e+02,2.800000000000000000e+02,1.000000000000000000e+00,2.480000000000000000e+02,2.280000000000000000e+02,1.000000000000000000e+00,3.610000000000000000e+02,1.720000000000000000e+02,1.000000000000000000e+00,4.610000000000000000e+02,2.130000000000000000e+02,1.000000000000000000e+00,5.380000000000000000e+02,1.650000000000000000e+02,1.000000000000000000e+00,3.010000000000000000e+02,3.750000000000000000e+02,1.000000000000000000e+00,2.580000000000000000e+02,3.750000000000000000e+02,1.000000000000000000e+00,2.529682006835937500e+02,4.988890380859375000e+02,0.000000000000000000e+00,-1.502151489257812500e+01,-4.707292175292968750e+01,0.000000000000000000e+00,3.440000000000000000e+02,3.740000000000000000e+02,1.000000000000000000e+00,-1.502151489257812500e+01,-4.707292175292968750e+01,0.000000000000000000e+00,-1.502151489257812500e+01,-4.707292175292968750e+01,0.000000000000000000e+00,2.820000000000000000e+02,9.000000000000000000e+01,1.000000000000000000e+00,3.100000000000000000e+02,8.900000000000000000e+01,1.000000000000000000e+00,2.660000000000000000e+02,1.040000000000000000e+02,1.000000000000000000e+00,3.270000000000000000e+02,9.500000000000000000e+01,1.000000000000000000e+00,-1.502151489257812500e+01,-4.707292175292968750e+01,0.000000000000000000e+00,-1.502151489257812500e+01,-4.707292175292968750e+01,0.000000000000000000e+00,-1.502151489257812500e+01,-4.707292175292968750e+01,0.000000000000000000e+00,-1.502151489257812500e+01,-4.707292175292968750e+01,0.000000000000000000e+00,-1.502151489257812500e+01,-4.707292175292968750e+01,0.000000000000000000e+00,-1.502151489257812500e+01,-4.707292175292968750e+01,0.000000000000000000e+00
2.960000000000000000e+02,1.030000000000000000e+02,1.000000000000000000e+00,3.010000000000000000e+02,1.810000000000000000e+02,1.000000000000000000e+00,2.450000000000000000e+02,1.810000000000000000e+02,1.000000000000000000e+00,2.020000000000000000e+02,2.820000000000000000e+02,1.000000000000000000e+00,2.480000000000000000e+02,2.290000000000000000e+02,1.000000000000000000e+00,3.610000000000000000e+02,1.720000000000000000e+02,1.000000000000000000e+00,4.610000000000000000e+02,2.130000000000000000e+02,1.000000000000000000e+00,5.380000000000000000e+02,1.650000000000000000e+02,1.000000000000000000e+00,3.010000000000000000e+02,3.750000000000000000e+02,1.000000000000000000e+00,2.580000000000000000e+02,3.750000000000000000e+02,1.000000000000000000e+00,2.527571868896484375e+02,4.990301513671875000e+02,0.000000000000000000e+00,-1.512707519531250000e+01,-4.747526550292968750e+01,0.000000000000000000e+00,3.440000000000000000e+02,3.740000000000000000e+02,1.000000000000000000e+00,-1.512707519531250000e+01,-4.747526550292968750e+01,0.000000000000000000e+00,-1.512707519531250000e+01,-4.747526550292968750e+01,0.000000000000000000e+00,2.820000000000000000e+02,9.100000000000000000e+01,1.000000000000000000e+00,3.100000000000000000e+02,8.900000000000000000e+01,1.000000000000000000e+00,2.660000000000000000e+02,1.040000000000000000e+02,1.000000000000000000e+00,3.270000000000000000e+02,9.500000000000000000e+01,1.000000000000000000e+00,-1.512707519531250000e+01,-4.747526550292968750e+01,0.000000000000000000e+00,-1.512707519531250000e+01,-4.747526550292968750e+01,0.000000000000000000e+00,-1.512707519531250000e+01,-4.747526550292968750e+01,0.000000000000000000e+00,-1.512707519531250000e+01,-4.747526550292968750e+01,0.000000000000000000e+00,-1.512707519531250000e+01,-4.747526550292968750e+01,0.000000000000000000e+00,-1.512707519531250000e+01,-4.747526550292968750e+01,0.000000000000000000e+00
2.960000000000000000e+02,1.030000000000000000e+02,1.000000000000000000e+00,3.030000000000000000e+02,1.810000000000000000e+02,1.000000000000000000e+00,2.450000000000000000e+02,1.810000000000000000e+02,1.000000000000000000e+00,2.040000000000000000e+02,2.860000000000000000e+02,1.000000000000000000e+00,2.500000000000000000e+02,2.330000000000000000e+02,1.000000000000000000e+00,3.610000000000000000e+02,1.720000000000000000e+02,1.000000000000000000e+00,4.610000000000000000e+02,2.130000000000000000e+02,1.000000000000000000e+00,5.380000000000000000e+02,1.650000000000000000e+02,1.000000000000000000e+00,3.010000000000000000e+02,3.750000000000000000e+02,1.000000000000000000e+00,2.590000000000000000e+02,3.750000000000000000e+02,1.000000000000000000e+00,2.527650909423828125e+02,4.987252197265625000e+02,0.000000000000000000e+00,-1.529618835449218750e+01,-4.792587280273437500e+01,0.000000000000000000e+00,3.440000000000000000e+02,3.740000000000000000e+02,1.000000000000000000e+00,-1.529618835449218750e+01,-4.792587280273437500e+01,0.000000000000000000e+00,-1.529618835449218750e+01,-4.792587280273437500e+01,0.000000000000000000e+00,2.820000000000000000e+02,9.100000000000000000e+01,1.000000000000000000e+00,3.100000000000000000e+02,8.900000000000000000e+01,1.000000000000000000e+00,2.660000000000000000e+02,1.040000000000000000e+02,1.000000000000000000e+00,3.270000000000000000e+02,9.500000000000000000e+01,1.000000000000000000e+00,-1.529618835449218750e+01,-4.792587280273437500e+01,0.000000000000000000e+00,-1.529618835449218750e+01,-4.792587280273437500e+01,0.000000000000000000e+00,-1.529618835449218750e+01,-4.792587280273437500e+01,0.000000000000000000e+00,-1.529618835449218750e+01,-4.792587280273437500e+01,0.000000000000000000e+00,-1.529618835449218750e+01,-4.792587280273437500e+01,0.000000000000000000e+00,-1.529618835449218750e+01,-4.792587280273437500e+01,0.000000000000000000e+00
2.960000000000000000e+02,1.030000000000000000e+02,1.000000000000000000e+00,3.030000000000000000e+02,1.810000000000000000e+02,1.000000000000000000e+00,2.450000000000000000e+02,1.810000000000000000e+02,1.000000000000000000e+00,2.060000000000000000e+02,2.870000000000000000e+02,1.000000000000000000e+00,2.620000000000000000e+02,2.340000000000000000e+02,1.000000000000000000e+00,3.610000000000000000e+02,1.720000000000000000e+02,1.000000000000000000e+00,4.610000000000000000e+02,2.130000000000000000e+02,1.000000000000000000e+00,5.380000000000000000e+02,1.650000000000000000e+02,1.000000000000000000e+00,3.010000000000000000e+02,3.750000000000000000e+02,1.000000000000000000e+00,2.580000000000000000e+02,3.750000000000000000e+02,1.000000000000000000e+00,2.526803894042968750e+02,4.986255187988281250e+02,0.000000000000000000e+00,-1.635089111328125000e+01,-4.796412658691406250e+01,0.000000000000000000e+00,3.440000000000000000e+02,3.740000000000000000e+02,1.000000000000000000e+00,-1.635089111328125000e+01,-4.796412658691406250e+01,0.000000000000000000e+00,-1.635089111328125000e+01,-4.796412658691406250e+01,0.000000000000000000e+00,2.820000000000000000e+02,9.100000000000000000e+01,1.000000000000000000e+00,3.100000000000000000e+02,8.900000000000000000e+01,1.000000000000000000e+00,2.660000000000000000e+02,1.040000000000000000e+02,1.000000000000000000e+00,3.270000000000000000e+02,9.500000000000000000e+01,1.000000000000000000e+00,-1.635089111328125000e+01,-4.796412658691406250e+01,0.000000000000000000e+00,-1.635089111328125000e+01,-4.796412658691406250e+01,0.000000000000000000e+00,-1.635089111328125000e+01,-4.796412658691406250e+01,0.000000000000000000e+00,-1.635089111328125000e+01,-4.796412658691406250e+01,0.000000000000000000e+00,-1.635089111328125000e+01,-4.796412658691406250e+01,0.000000000000000000e+00,-1.635089111328125000e+01,-4.796412658691406250e+01,0.000000000000000000e+00
2.960000000000000000e+02,1.030000000000000000e+02,1.000000000000000000e+00,3.040000000000000000e+02,1.810000000000000000e+02,1.000000000000000000e+00,2.450000000000000000e+02,1.810000000000000000e+02,1.000000000000000000e+00,2.070000000000000000e+02,2.890000000000000000e+02,1.000000000000000000e+00,2.670000000000000000e+02,2.500000000000000000e+02,1.000000000000000000e+00,3.610000000000000000e+02,1.720000000000000000e+02,1.000000000000000000e+00,4.610000000000000000e+02,2.130000000000000000e+02,1.000000000000000000e+00,5.380000000000000000e+02,1.660000000000000000e+02,1.000000000000000000e+00,3.010000000000000000e+02,3.750000000000000000e+02,1.000000000000000000e+00,2.580000000000000000e+02,3.750000000000000000e+02,1.000000000000000000e+00,2.526142730712890625e+02,4.986907653808593750e+02,0.000000000000000000e+00,-1.463909149169921875e+01,-4.734019470214843750e+01,0.000000000000000000e+00,3.440000000000000000e+02,3.740000000000000000e+02,1.000000000000000000e+00,-1.463909149169921875e+01,-4.734019470214843750e+01,0.000000000000000000e+00,-1.463909149169921875e+01,-4.734019470214843750e+01,0.000000000000000000e+00,2.820000000000000000e+02,9.100000000000000000e+01,1.000000000000000000e+00,3.100000000000000000e+02,8.900000000000000000e+01,1.000000000000000000e+00,2.660000000000000000e+02,1.040000000000000000e+02,1.000000000000000000e+00,3.270000000000000000e+02,9.500000000000000000e+01,1.000000000000000000e+00,-1.463909149169921875e+01,-4.734019470214843750e+01,0.000000000000000000e+00,-1.463909149169921875e+01,-4.734019470214843750e+01,0.000000000000000000e+00,-1.463909149169921875e+01,-4.734019470214843750e+01,0.000000000000000000e+00,-1.463909149169921875e+01,-4.734019470214843750e+01,0.000000000000000000e+00,-1.463909149169921875e+01,-4.734019470214843750e+01,0.000000000000000000e+00,-1.463909149169921875e+01,-4.734019470214843750e+01,0.000000000000000000e+00
2.960000000000000000e+02,1.030000000000000000e+02,1.000000000000000000e+00,3.040000000000000000e+02,1.810000000000000000e+02,1.000000000000000000e+00,2.450000000000000000e+02,1.810000000000000000e+02,1.000000000000000000e+00,2.020000000000000000e+02,2.800000000000000000e+02,1.000000000000000000e+00,2.640000000000000000e+02,2.700000000000000000e+02,1.000000000000000000e+00,3.610000000000000000e+02,1.720000000000000000e+02,1.000000000000000000e+00,4.610000000000000000e+02,2.130000000000000000e+02,1.000000000000000000e+00,5.410000000000000000e+02,1.650000000000000000e+02,1.000000000000000000e+00,3.010000000000000000e+02,3.750000000000000000e+02,1.000000000000000000e+00,2.570000000000000000e+02,3.760000000000000000e+02,1.000000000000000000e+00,2.524685058593750000e+02,4.987088623046875000e+02,0.000000000000000000e+00,-1.497475433349609375e+01,-4.809833526611328125e+01,0.000000000000000000e+00,3.430000000000000000e+02,3.740000000000000000e+02,1.000000000000000000e+00,-1.497475433349609375e+01,-4.809833526611328125e+01,0.000000000000000000e+00,-1.497475433349609375e+01,-4.809833526611328125e+01,0.000000000000000000e+00,2.820000000000000000e+02,9.100000000000000000e+01,1.000000000000000000e+00,3.100000000000000000e+02,8.900000000000000000e+01,1.000000000000000000e+00,2.660000000000000000e+02,1.040000000000000000e+02,1.000000000000000000e+00,3.270000000000000000e+02,9.500000000000000000e+01,1.000000000000000000e+00,-1.497475433349609375e+01,-4.809833526611328125e+01,0.000000000000000000e+00,-1.497475433349609375e+01,-4.809833526611328125e+01,0.000000000000000000e+00,-1.497475433349609375e+01,-4.809833526611328125e+01,0.000000000000000000e+00,-1.497475433349609375e+01,-4.809833526611328125e+01,0.000000000000000000e+00,-1.497475433349609375e+01,-4.809833526611328125e+01,0.000000000000000000e+00,-1.497475433349609375e+01,-4.809833526611328125e+01,0.000000000000000000e+00
2.960000000000000000e+02,1.030000000000000000e+02,1.000000000000000000e+00,3.040000000000000000e+02,1.810000000000000000e+02,1.000000000000000000e+00,2.450000000000000000e+02,1.820000000000000000e+02,1.000000000000000000e+00,2.020000000000000000e+02,2.830000000000000000e+02,1.000000000000000000e+00,2.660000000000000000e+02,2.960000000000000000e+02,1.000000000000000000e+00,3.610000000000000000e+02,1.720000000000000000e+02,1.000000000000000000e+00,4.610000000000000000e+02,2.130000000000000000e+02,1.000000000000000000e+00,5.410000000000000000e+02,1.650000000000000000e+02,1.000000000000000000e+00,2.990000000000000000e+02,3.750000000000000000e+02,1.000000000000000000e+00,2.580000000000000000e+02,3.760000000000000000e+02,1.000000000000000000e+00,2.524505920410156250e+02,4.990391845703125000e+02,0.000000000000000000e+00,-1.528772735595703125e+01,-4.699881744384765625e+01,0.000000000000000000e+00,3.450000000000000000e+02,3.760000000000000000e+02,1.000000000000000000e+00,-1.528772735595703125e+01,-4.699881744384765625e+01,0.000000000000000000e+00,-1.528772735595703125e+01,-4.699881744384765625e+01,0.000000000000000000e+00,2.820000000000000000e+02,9.100000000000000000e+01,1.000000000000000000e+00,3.100000000000000000e+02,8.900000000000000000e+01,1.000000000000000000e+00,2.660000000000000000e+02,1.040000000000000000e+02,1.000000000000000000e+00,3.270000000000000000e+02,9.500000000000000000e+01,1.000000000000000000e+00,-1.528772735595703125e+01,-4.699881744384765625e+01,0.000000000000000000e+00,-1.528772735595703125e+01,-4.699881744384765625e+01,0.000000000000000000e+00,-1.528772735595703125e+01,-4.699881744384765625e+01,0.000000000000000000e+00,-1.528772735595703125e+01,-4.699881744384765625e+01,0.000000000000000000e+00,-1.528772735595703125e+01,-4.699881744384765625e+01,0.000000000000000000e+00,-1.528772735595703125e+01,-4.699881744384765625e+01,0.000000000000000000e+00
2.960000000000000000e+02,1.030000000000000000e+02,1.000000000000000000e+00,3.040000000000000000e+02,1.810000000000000000e+02,1.000000000000000000e+00,2.450000000000000000e+02,1.830000000000000000e+02,1.000000000000000000e+00,2.030000000000000000e+02,2.680000000000000000e+02,1.000000000000000000e+00,2.130000000000000000e+02,2.920000000000000000e+02,1.000000000000000000e+00,3.610000000000000000e+02,1.720000000000000000e+02,1.000000000000000000e+00,4.610000000000000000e+02,2.130000000000000000e+02,1.000000000000000000e+00,5.410000000000000000e+02,1.660000000000000000e+02,1.000000000000000000e+00,3.000000000000000000e+02,3.800000000000000000e+02,1.000000000000000000e+00,2.590000000000000000e+02,3.760000000000000000e+02,1.000000000000000000e+00,2.524013214111328125e+02,4.988978576660156250e+02,0.000000000000000000e+00,-1.507244873046875000e+01,-4.665893554687500000e+01,0.000000000000000000e+00,3.440000000000000000e+02,3.780000000000000000e+02,1.000000000000000000e+00,-1.507244873046875000e+01,-4.665893554687500000e+01,0.000000000000000000e+00,-1.507244873046875000e+01,-4.665893554687500000e+01,0.000000000000000000e+00,2.820000000000000000e+02,9.100000000000000000e+01,1.000000000000000000e+00,3.100000000000000000e+02,8.900000000000000000e+01,1.000000000000000000e+00,2.660000000000000000e+02,1.040000000000000000e+02,1.000000000000000000e+00,3.270000000000000000e+02,9.500000000000000000e+01,1.000000000000000000e+00,-1.507244873046875000e+01,-4.665893554687500000e+01,0.000000000000000000e+00,-1.507244873046875000e+01,-4.665893554687500000e+01,0.000000000000000000e+00,-1.507244873046875000e+01,-4.665893554687500000e+01,0.000000000000000000e+00,-1.507244873046875000e+01,-4.665893554687500000e+01,0.000000000000000000e+00,-1.507244873046875000e+01,-4.665893554687500000e+01,0.000000000000000000e+00,-1.507244873046875000e+01,-4.665893554687500000e+01,0.000000000000000000e+00
2.960000000000000000e+02,1.040000000000000000e+02,1.000000000000000000e+00,3.040000000000000000e+02,1.810000000000000000e+02,1.000000000000000000e+00,2.460000000000000000e+02,1.840000000000000000e+02,1.000000000000000000e+00,2.020000000000000000e+02,2.800000000000000000e+02,1.000000000000000000e+00,2.780000000000000000e+02,3.340000000000000000e+02,1.000000000000000000e+00,3.610000000000000000e+02,1.720000000000000000e+02,1.000000000000000000e+00,4.610000000000000000e+02,2.130000000000000000e+02,1.000000000000000000e+00,5.390000000000000000e+02,1.680000000000000000e+02,1.000000000000000000e+00,3.020000000000000000e+02,3.580000000000000000e+02,1.000000000000000000e+00,2.620000000000000000e+02,3.600000000000000000e+02,1.000000000000000000e+00,2.580000000000000000e+02,4.770000000000000000e+02,1.000000000000000000e+00,-1.293384552001953125e+01,-4.431877136230468750e+01,0.000000000000000000e+00,3.460000000000000000e+02,3.600000000000000000e+02,1.000000000000000000e+00,3.480000000000000000e+02,4.770000000000000000e+02,1.000000000000000000e+00,-1.293384552001953125e+01,-4.431877136230468750e+01,0.000000000000000000e+00,2.820000000000000000e+02,9.200000000000000000e+01,1.000000000000000000e+00,3.100000000000000000e+02,9.000000000000000000e+01,1.000000000000000000e+00,2.660000000000000000e+02,1.050000000000000000e+02,1.000000000000000000e+00,3.270000000000000000e+02,9.500000000000000000e+01,1.000000000000000000e+00,-1.293384552001953125e+01,-4.431877136230468750e+01,0.000000000000000000e+00,-1.293384552001953125e+01,-4.431877136230468750e+01,0.000000000000000000e+00,-1.293384552001953125e+01,-4.431877136230468750e+01,0.000000000000000000e+00,-1.293384552001953125e+01,-4.431877136230468750e+01,0.000000000000000000e+00,-1.293384552001953125e+01,-4.431877136230468750e+01,0.000000000000000000e+00,-1.293384552001953125e+01,-4.431877136230468750e+01,0.000000000000000000e+00
2.960000000000000000e+02,1.050000000000000000e+02,1.000000000000000000e+00,3.040000000000000000e+02,1.810000000000000000e+02,1.000000000000000000e+00,2.470000000000000000e+02,1.850000000000000000e+02,1.000000000000000000e+00,2.040000000000000000e+02,2.830000000000000000e+02,1.000000000000000000e+00,2.720000000000000000e+02,3.510000000000000000e+02,1.000000000000000000e+00,3.610000000000000000e+02,1.720000000000000000e+02,1.000000000000000000e+00,4.610000000000000000e+02,2.140000000000000000e+02,1.000000000000000000e+00,5.510000000000000000e+02,1.570000000000000000e+02,1.000000000000000000e+00,3.040000000000000000e+02,3.640000000000000000e+02,1.000000000000000000e+00,2.580000000000000000e+02,3.660000000000000000e+02,1.000000000000000000e+00,2.580000000000000000e+02,4.770000000000000000e+02,1.000000000000000000e+00,-1.482856750488281250e+01,-4.561247253417968750e+01,0.000000000000000000e+00,3.460000000000000000e+02,3.660000000000000000e+02,1.000000000000000000e+00,3.460023803710937500e+02,4.742306823730468750e+02,0.000000000000000000e+00,-1.482856750488281250e+01,-4.561247253417968750e+01,0.000000000000000000e+00,2.820000000000000000e+02,9.300000000000000000e+01,1.000000000000000000e+00,3.100000000000000000e+02,9.100000000000000000e+01,1.000000000000000000e+00,2.660000000000000000e+02,1.060000000000000000e+02,1.000000000000000000e+00,3.270000000000000000e+02,9.600000000000000000e+01,1.000000000000000000e+00,-1.482856750488281250e+01,-4.561247253417968750e+01,0.000000000000000000e+00,-1.482856750488281250e+01,-4.561247253417968750e+01,0.000000000000000000e+00,-1.482856750488281250e+01,-4.561247253417968750e+01,0.000000000000000000e+00,-1.482856750488281250e+01,-4.561247253417968750e+01,0.000000000000000000e+00,-1.482856750488281250e+01,-4.561247253417968750e+01,0.000000000000000000e+00,-1.482856750488281250e+01,-4.561247253417968750e+01,0.000000000000000000e+00
2.950000000000000000e+02,1.060000000000000000e+02,1.000000000000000000e+00,3.040000000000000000e+02,1.810000000000000000e+02,1.000000000000000000e+00,2.480000000000000000e+02,1.860000000000000000e+02,1.000000000000000000e+00,2.040000000000000000e+02,2.840000000000000000e+02,1.000000000000000000e+00,2.680000000000000000e+02,3.550000000000000000e+02,1.000000000000000000e+00,3.610000000000000000e+02,1.720000000000000000e+02,1.000000000000000000e+00,4.610000000000000000e+02,2.150000000000000000e+02,1.000000000000000000e+00,5.510000000000000000e+02,1.580000000000000000e+02,1.000000000000000000e+00,3.000000000000000000e+02,3.650000000000000000e+02,1.000000000000000000e+00,2.640000000000000000e+02,3.660000000000000000e+02,1.000000000000000000e+00,2.580000000000000000e+02,4.770000000000000000e+02,1.000000000000000000e+00,-1.456381988525390625e+01,-4.459002685546875000e+01,0.000000000000000000e+00,3.450000000000000000e+02,3.660000000000000000e+02,1.000000000000000000e+00,3.464563293457031250e+02,4.764263916015625000e+02,0.000000000000000000e+00,-1.456381988525390625e+01,-4.459002685546875000e+01,0.000000000000000000e+00,2.810000000000000000e+02,9.400000000000000000e+01,1.000000000000000000e+00,3.100000000000000000e+02,9.200000000000000000e+01,1.000000000000000000e+00,2.660000000000000000e+02,1.060000000000000000e+02,1.000000000000000000e+00,3.270000000000000000e+02,9.700000000000000000e+01,1.000000000000000000e+00,-1.456381988525390625e+01,-4.459002685546875000e+01,0.000000000000000000e+00,-1.456381988525390625e+01,-4.459002685546875000e+01,0.000000000000000000e+00,-1.456381988525390625e+01,-4.459002685546875000e+01,0.000000000000000000e+00,-1.456381988525390625e+01,-4.459002685546875000e+01,0.000000000000000000e+00,-1.456381988525390625e+01,-4.459002685546875000e+01,0.000000000000000000e+00,-1.456381988525390625e+01,-4.459002685546875000e+01,0.000000000000000000e+00
2.940000000000000000e+02,1.060000000000000000e+02,1.000000000000000000e+00,3.040000000000000000e+02,1.810000000000000000e+02,1.000000000000000000e+00,2.480000000000000000e+02,1.860000000000000000e+02,1.000000000000000000e+00,2.010000000000000000e+02,2.820000000000000000e+02,1.000000000000000000e+00,2.650000000000000000e+02,3.470000000000000000e+02,1.000000000000000000e+00,3.610000000000000000e+02,1.720000000000000000e+02,1.000000000000000000e+00,4.610000000000000000e+02,2.160000000000000000e+02,1.000000000000000000e+00,5.410000000000000000e+02,1.650000000000000000e+02,1.000000000000000000e+00,3.030000000000000000e+02,3.630000000000000000e+02,1.000000000000000000e+00,2.630000000000000000e+02,3.630000000000000000e+02,1.000000000000000000e+00,2.620000000000000000e+02,4.770000000000000000e+02,1.000000000000000000e+00,-1.272802734375000000e+01,-4.391819763183593750e+01,0.000000000000000000e+00,3.460000000000000000e+02,3.630000000000000000e+02,1.000000000000000000e+00,3.489472045898437500e+02,4.771528625488281250e+02,0.000000000000000000e+00,-1.272802734375000000e+01,-4.391819763183593750e+01,0.000000000000000000e+00,2.800000000000000000e+02,9.400000000000000000e+01,1.000000000000000000e+00,3.090000000000000000e+02,9.200000000000000000e+01,1.000000000000000000e+00,2.660000000000000000e+02,1.060000000000000000e+02,1.000000000000000000e+00,3.270000000000000000e+02,9.700000000000000000e+01,1.000000000000000000e+00,-1.272802734375000000e+01,-4.391819763183593750e+01,0.000000000000000000e+00,-1.272802734375000000e+01,-4.391819763183593750e+01,0.000000000000000000e+00,-1.272802734375000000e+01,-4.391819763183593750e+01,0.000000000000000000e+00,-1.272802734375000000e+01,-4.391819763183593750e+01,0.000000000000000000e+00,-1.272802734375000000e+01,-4.391819763183593750e+01,0.000000000000000000e+00,-1.272802734375000000e+01,-4.391819763183593750e+01,0.000000000000000000e+00
2.930000000000000000e+02,1.060000000000000000e+02,1.000000000000000000e+00,3.040000000000000000e+02,1.810000000000000000e+02,1.000000000000000000e+00,2.470000000000000000e+02,1.850000000000000000e+02,1.000000000000000000e+00,1.970000000000000000e+02,2.780000000000000000e+02,1.000000000000000000e+00,2.640000000000000000e+02,3.300000000000000000e+02,1.000000000000000000e+00,3.610000000000000000e+02,1.720000000000000000e+02,1.000000000000000000e+00,4.610000000000000000e+02,2.170000000000000000e+02,1.000000000000000000e+00,5.410000000000000000e+02,1.650000000000000000e+02,1.000000000000000000e+00,3.020000000000000000e+02,3.620000000000000000e+02,1.000000000000000000e+00,2.600000000000000000e+02,3.640000000000000000e+02,1.000000000000000000e+00,2.643707885742187500e+02,4.774374084472656250e+02,0.000000000000000000e+00,-1.522507476806640625e+01,-4.498928833007812500e+01,0.000000000000000000e+00,3.460000000000000000e+02,3.630000000000000000e+02,1.000000000000000000e+00,3.505152893066406250e+02,4.756081848144531250e+02,0.000000000000000000e+00,-1.522507476806640625e+01,-4.498928833007812500e+01,0.000000000000000000e+00,2.790000000000000000e+02,9.300000000000000000e+01,1.000000000000000000e+00,3.090000000000000000e+02,9.200000000000000000e+01,1.000000000000000000e+00,2.660000000000000000e+02,1.050000000000000000e+02,1.000000000000000000e+00,3.270000000000000000e+02,9.700000000000000000e+01,1.000000000000000000e+00,-1.522507476806640625e+01,-4.498928833007812500e+01,0.000000000000000000e+00,-1.522507476806640625e+01,-4.498928833007812500e+01,0.000000000000000000e+00,-1.522507476806640625e+01,-4.498928833007812500e+01,0.000000000000000000e+00,-1.522507476806640625e+01,-4.498928833007812500e+01,0.000000000000000000e+00,-1.522507476806640625e+01,-4.498928833007812500e+01,0.000000000000000000e+00,-1.522507476806640625e+01,-4.498928833007812500e+01,0.000000000000000000e+00
2.940000000000000000e+02,1.050000000000000000e+02,1.000000000000000000e+00,3.040000000000000000e+02,1.810000000000000000e+02,1.000000000000000000e+00,2.460000000000000000e+02,1.840000000000000000e+02,1.000000000000000000e+00,1.940000000000000000e+02,2.720000000000000000e+02,1.000000000000000000e+00,2.630000000000000000e+02,3.090000000000000000e+02,1.000000000000000000e+00,3.610000000000000000e+02,1.720000000000000000e+02,1.000000000000000000e+00,4.610000000000000000e+02,2.170000000000000000e+02,1.000000000000000000e+00,5.440000000000000000e+02,1.650000000000000000e+02,1.000000000000000000e+00,3.000000000000000000e+02,3.800000000000000000e+02,1.000000000000000000e+00,2.560000000000000000e+02,3.800000000000000000e+02,1.000000000000000000e+00,2.670540161132812500e+02,4.859748840332031250e+02,0.000000000000000000e+00,-1.443244934082031250e+01,-4.926402282714843750e+01,0.000000000000000000e+00,3.460000000000000000e+02,3.820000000000000000e+02,1.000000000000000000e+00,3.489837646484375000e+02,4.732853698730468750e+02,0.000000000000000000e+00,-1.443244934082031250e+01,-4.926402282714843750e+01,0.000000000000000000e+00,2.780000000000000000e+02,9.300000000000000000e+01,1.000000000000000000e+00,3.080000000000000000e+02,9.200000000000000000e+01,1.000000000000000000e+00,2.660000000000000000e+02,1.050000000000000000e+02,1.000000000000000000e+00,3.270000000000000000e+02,9.700000000000000000e+01,1.000000000000000000e+00,-1.443244934082031250e+01,-4.926402282714843750e+01,0.000000000000000000e+00,-1.443244934082031250e+01,-4.926402282714843750e+01,0.000000000000000000e+00,-1.443244934082031250e+01,-4.926402282714843750e+01,0.000000000000000000e+00,-1.443244934082031250e+01,-4.926402282714843750e+01,0.000000000000000000e+00,-1.443244934082031250e+01,-4.926402282714843750e+01,0.000000000000000000e+00,-1.443244934082031250e+01,-4.926402282714843750e+01,0.000000000000000000e+00
2.930000000000000000e+02,1.040000000000000000e+02,1.000000000000000000e+00,3.040000000000000000e+02,1.810000000000000000e+02,1.000000000000000000e+00,2.460000000000000000e+02,1.830000000000000000e+02,1.000000000000000000e+00,1.930000000000000000e+02,2.640000000000000000e+02,1.000000000000000000e+00,1.990000000000000000e+02,2.680000000000000000e+02,1.000000000000000000e+00,3.630000000000000000e+02,1.750000000000000000e+02,1.000000000000000000e+00,4.610000000000000000e+02,2.170000000000000000e+02,1.000000000000000000e+00,5.440000000000000000e+02,1.650000000000000000e+02,1.000000000000000000e+00,2.980000000000000000e+02,3.760000000000000000e+02,1.000000000000000000e+00,2.540000000000000000e+02,3.780000000000000000e+02,1.000000000000000000e+00,2.666410522460937500e+02,4.950664062500000000e+02,0.000000000000000000e+00,-1.420645141601562500e+01,-4.610739135742187500e+01,0.000000000000000000e+00,3.460000000000000000e+02,3.790000000000000000e+02,1.000000000000000000e+00,3.485924377441406250e+02,4.710210571289062500e+02,0.000000000000000000e+00,-1.420645141601562500e+01,-4.610739135742187500e+01,0.000000000000000000e+00,2.770000000000000000e+02,9.200000000000000000e+01,1.000000000000000000e+00,3.070000000000000000e+02,9.100000000000000000e+01,1.000000000000000000e+00,2.660000000000000000e+02,1.040000000000000000e+02,1.000000000000000000e+00,3.270000000000000000e+02,9.700000000000000000e+01,1.000000000000000000e+00,-1.420645141601562500e+01,-4.610739135742187500e+01,0.000000000000000000e+00,-1.420645141601562500e+01,-4.610739135742187500e+01,0.000000000000000000e+00,-1.420645141601562500e+01,-4.610739135742187500e+01,0.000000000000000000e+00,-1.420645141601562500e+01,-4.610739135742187500e+01,0.000000000000000000e+00,-1.420645141601562500e+01,-4.610739135742187500e+01,0.000000000000000000e+00,-1.420645141601562500e+01,-4.610739135742187500e+01,0.000000000000000000e+00
2.920000000000000000e+02,1.030000000000000000e+02,1.000000000000000000e+00,3.040000000000000000e+02,1.810000000000000000e+02,1.000000000000000000e+00,2.460000000000000000e+02,1.820000000000000000e+02,1.000000000000000000e+00,1.910000000000000000e+02,2.660000000000000000e+02,1.000000000000000000e+00,2.660000000000000000e+02,2.640000000000000000e+02,1.000000000000000000e+00,3.630000000000000000e+02,1.750000000000000000e+02,1.000000000000000000e+00,4.610000000000000000e+02,2.170000000000000000e+02,1.000000000000000000e+00,5.450000000000000000e+02,1.660000000000000000e+02,1.000000000000000000e+00,3.020000000000000000e+02,3.760000000000000000e+02,1.000000000000000000e+00,2.530000000000000000e+02,3.780000000000000000e+02,1.000000000000000000e+00,2.662753906250000000e+02,4.961449890136718750e+02,0.000000000000000000e+00,-1.347503662109375000e+01,-4.522419738769531250e+01,0.000000000000000000e+00,3.460000000000000000e+02,3.790000000000000000e+02,1.000000000000000000e+00,3.482549133300781250e+02,4.819340209960937500e+02,0.000000000000000000e+00,-1.347503662109375000e+01,-4.522419738769531250e+01,0.000000000000000000e+00,2.760000000000000000e+02,9.100000000000000000e+01,1.000000000000000000e+00,3.060000000000000000e+02,9.000000000000000000e+01,1.000000000000000000e+00,2.660000000000000000e+02,1.030000000000000000e+02,1.000000000000000000e+00,3.270000000000000000e+02,9.700000000000000000e+01,1.000000000000000000e+00,-1.347503662109375000e+01,-4.522419738769531250e+01,0.000000000000000000e+00,-1.347503662109375000e+01,-4.522419738769531250e+01,0.000000000000000000e+00,-1.347503662109375000e+01,-4.522419738769531250e+01,0.000000000000000000e+00,-1.347503662109375000e+01,-4.522419738769531250e+01,0.000000000000000000e+00,-1.347503662109375000e+01,-4.522419738769531250e+01,0.000000000000000000e+00,-1.347503662109375000e+01,-4.522419738769531250e+01,0.000000000000000000e+00
2.910000000000000000e+02,1.020000000000000000e+02,1.000000000000000000e+00,3.040000000000000000e+02,1.810000000000000000e+02,1.000000000000000000e+00,2.460000000000000000e+02,1.810000000000000000e+02,1.000000000000000000e+00,1.870000000000000000e+02,2.780000000000000000e+02,1.000000000000000000e+00,2.660000000000000000e+02,2.380000000000000000e+02,1.000000000000000000e+00,3.630000000000000000e+02,1.750000000000000000e+02,1.000000000000000000e+00,4.610000000000000000e+02,2.170000000000000000e+02,1.000000000000000000e+00,5.450000000000000000e+02,1.660000000000000000e+02,1.000000000000000000e+00,3.020000000000000000e+02,3.760000000000000000e+02,1.000000000000000000e+00,2.520000000000000000e+02,3.780000000000000000e+02,1.000000000000000000e+00,2.666323852539062500e+02,4.945224304199218750e+02,0.000000000000000000e+00,-1.352334594726562500e+01,-4.520646667480468750e+01,0.000000000000000000e+00,3.460000000000000000e+02,3.790000000000000000e+02,1.000000000000000000e+00,3.504484252929687500e+02,4.874831848144531250e+02,0.000000000000000000e+00,-1.352334594726562500e+01,-4.520646667480468750e+01,0.000000000000000000e+00,2.760000000000000000e+02,9.000000000000000000e+01,1.000000000000000000e+00,3.060000000000000000e+02,8.900000000000000000e+01,1.000000000000000000e+00,2.660000000000000000e+02,1.030000000000000000e+02,1.000000000000000000e+00,3.270000000000000000e+02,9.700000000000000000e+01,1.000000000000000000e+00,-1.352334594726562500e+01,-4.520646667480468750e+01,0.000000000000000000e+00,-1.352334594726562500e+01,-4.520646667480468750e+01,0.000000000000000000e+00,-1.352334594726562500e+01,-4.520646667480468750e+01,0.000000000000000000e+00,-1.352334594726562500e+01,-4.520646667480468750e+01,0.000000000000000000e+00,-1.352334594726562500e+01,-4.520646667480468750e+01,0.000000000000000000e+00,-1.352334594726562500e+01,-4.520646667480468750e+01,0.000000000000000000e+00
2.910000000000000000e+02,1.010000000000000000e+02,1.000000000000000000e+00,3.040000000000000000e+02,1.810000000000000000e+02,1.000000000000000000e+00,2.470000000000000000e+02,1.810000000000000000e+02,1.000000000000000000e+00,1.890000000000000000e+02,2.770000000000000000e+02,1.000000000000000000e+00,2.620000000000000000e+02,2.180000000000000000e+02,1.000000000000000000e+00,3.630000000000000000e+02,1.750000000000000000e+02,1.000000000000000000e+00,4.610000000000000000e+02,2.170000000000000000e+02,1.000000000000000000e+00,5.450000000000000000e+02,1.660000000000000000e+02,1.000000000000000000e+00,3.020000000000000000e+02,3.760000000000000000e+02,1.000000000000000000e+00,2.550000000000000000e+02,3.780000000000000000e+02,1.000000000000000000e+00,2.665390625000000000e+02,4.985985107421875000e+02,0.000000000000000000e+00,-1.389031982421875000e+01,-4.547393798828125000e+01,0.000000000000000000e+00,3.460000000000000000e+02,3.790000000000000000e+02,1.000000000000000000e+00,3.519724731445312500e+02,4.839627990722656250e+02,0.000000000000000000e+00,-1.389031982421875000e+01,-4.547393798828125000e+01,0.000000000000000000e+00,2.760000000000000000e+02,9.000000000000000000e+01,1.000000000000000000e+00,3.060000000000000000e+02,8.900000000000000000e+01,1.000000000000000000e+00,2.660000000000000000e+02,1.030000000000000000e+02,1.000000000000000000e+00,3.270000000000000000e+02,9.700000000000000000e+01,1.000000000000000000e+00,-1.389031982421875000e+01,-4.547393798828125000e+01,0.000000000000000000e+00,-1.389031982421875000e+01,-4.547393798828125000e+01,0.000000000000000000e+00,-1.389031982421875000e+01,-4.547393798828125000e+01,0.000000000000000000e+00,-1.389031982421875000e+01,-4.547393798828125000e+01,0.000000000000000000e+00,-1.389031982421875000e+01,-4.547393798828125000e+01,0.000000000000000000e+00,-1.389031982421875000e+01,-4.547393798828125000e+01,0.000000000000000000e+00
2.910000000000000000e+02,1.010000000000000000e+02,1.000000000000000000e+00,3.070000000000000000e+02,1.810000000000000000e+02,1.000000000000000000e+00,2.480000000000000000e+02,1.810000000000000000e+02,1.000000000000000000e+00,1.970000000000000000e+02,2.840000000000000000e+02,1.000000000000000000e+00,2.010000000000000000e+02,2.660000000000000000e+02,1.000000000000000000e+00,3.630000000000000000e+02,1.750000000000000000e+02,1.000000000000000000e+00,4.610000000000000000e+02,2.170000000000000000e+02,1.000000000000000000e+00,5.450000000000000000e+02,1.660000000000000000e+02,1.000000000000000000e+00,3.020000000000000000e+02,3.760000000000000000e+02,1.000000000000000000e+00,2.550000000000000000e+02,3.770000000000000000e+02,1.000000000000000000e+00,2.665203857421875000e+02,4.982349853515625000e+02,0.000000000000000000e+00,-1.427442932128906250e+01,-4.612811279296875000e+01,0.000000000000000000e+00,3.460000000000000000e+02,3.790000000000000000e+02,1.000000000000000000e+00,3.495411376953125000e+02,4.917422180175781250e+02,0.000000000000000000e+00,-1.427442932128906250e+01,-4.612811279296875000e+01,0.000000000000000000e+00,2.760000000000000000e+02,9.000000000000000000e+01,1.000000000000000000e+00,3.060000000000000000e+02,8.900000000000000000e+01,1.000000000000000000e+00,2.660000000000000000e+02,1.030000000000000000e+02,1.000000000000000000e+00,3.270000000000000000e+02,9.700000000000000000e+01,1.000000000000000000e+00,-1.427442932128906250e+01,-4.612811279296875000e+01,0.000000000000000000e+00,-1.427442932128906250e+01,-4.612811279296875000e+01,0.000000000000000000e+00,-1.427442932128906250e+01,-4.612811279296875000e+01,0.000000000000000000e+00,-1.427442932128906250e+01,-4.612811279296875000e+01,0.000000000000000000e+00,-1.427442932128906250e+01,-4.612811279296875000e+01,0.000000000000000000e+00,-1.427442932128906250e+01,-4.612811279296875000e+01,0.000000000000000000e+00
2.910000000000000000e+02,1.010000000000000000e+02,1.000000000000000000e+00,3.060000000000000000e+02,1.810000000000000000e+02,1.000000000000000000e+00,2.480000000000000000e+02,1.810000000000000000e+02,1.000000000000000000e+00,2.000000000000000000e+02,2.850000000000000000e+02,1.000000000000000000e+00,2.020000000000000000e+02,2.650000000000000000e+02,1.000000000000000000e+00,3.630000000000000000e+02,1.750000000000000000e+02,1.000000000000000000e+00,4.610000000000000000e+02,2.180000000000000000e+02,1.000000000000000000e+00,5.450000000000000000e+02,1.670000000000000000e+02,1.000000000000000000e+00,3.020000000000000000e+02,3.760000000000000000e+02,1.000000000000000000e+00,2.570000000000000000e+02,3.760000000000000000e+02,1.000000000000000000e+00,2.664911193847656250e+02,4.972627258300781250e+02,0.000000000000000000e+00,-1.435127258300781250e+01,-4.537515258789062500e+01,0.000000000000000000e+00,3.460000000000000000e+02,3.790000000000000000e+02,1.000000000000000000e+00,3.494799804687500000e+02,4.921234436035156250e+02,0.000000000000000000e+00,-1.435127258300781250e+01,-4.537515258789062500e+01,0.000000000000000000e+00,2.780000000000000000e+02,8.900000000000000000e+01,1.000000000000000000e+00,3.060000000000000000e+02,8.900000000000000000e+01,1.000000000000000000e+00,2.660000000000000000e+02,1.030000000000000000e+02,1.000000000000000000e+00,3.270000000000000000e+02,9.700000000000000000e+01,1.000000000000000000e+00,-1.435127258300781250e+01,-4.537515258789062500e+01,0.000000000000000000e+00,-1.435127258300781250e+01,-4.537515258789062500e+01,0.000000000000000000e+00,-1.435127258300781250e+01,-4.537515258789062500e+01,0.000000000000000000e+00,-1.435127258300781250e+01,-4.537515258789062500e+01,0.000000000000000000e+00,-1.435127258300781250e+01,-4.537515258789062500e+01,0.000000000000000000e+00,-1.435127258300781250e+01,-4.537515258789062500e+01,0.000000000000000000e+00
2.910000000000000000e+02,1.010000000000000000e+02,1.000000000000000000e+00,3.060000000000000000e+02,1.810000000000000000e+02,1.000000000000000000e+00,2.450000000000000000e+02,1.810000000000000000e+02,1.000000000000000000e+00,2.050000000000000000e+02,2.900000000000000000e+02,1.000000000000000000e+00,2.040000000000000000e+02,2.660000000000000000e+02,1.000000000000000000e+00,3.630000000000000000e+02,1.750000000000000000e+02,1.000000000000000000e+00,4.610000000000000000e+02,2.190000000000000000e+02,1.000000000000000000e+00,5.450000000000000000e+02,1.680000000000000000e+02,1.000000000000000000e+00,3.020000000000000000e+02,3.760000000000000000e+02,1.000000000000000000e+00,2.580000000000000000e+02,3.760000000000000000e+02,1.000000000000000000e+00,2.667364196777343750e+02,5.101582946777343750e+02,0.000000000000000000e+00,-1.392857360839843750e+01,-4.558973693847656250e+01,0.000000000000000000e+00,3.460000000000000000e+02,3.790000000000000000e+02,1.000000000000000000e+00,3.496114196777343750e+02,4.935606994628906250e+02,0.000000000000000000e+00,-1.392857360839843750e+01,-4.558973693847656250e+01,0.000000000000000000e+00,2.780000000000000000e+02,8.900000000000000000e+01,1.000000000000000000e+00,3.060000000000000000e+02,8.900000000000000000e+01,1.000000000000000000e+00,2.660000000000000000e+02,1.030000000000000000e+02,1.000000000000000000e+00,3.270000000000000000e+02,9.700000000000000000e+01,1.000000000000000000e+00,-1.392857360839843750e+01,-4.558973693847656250e+01,0.000000000000000000e+00,-1.392857360839843750e+01,-4.558973693847656250e+01,0.000000000000000000e+00,-1.392857360839843750e+01,-4.558973693847656250e+01,0.000000000000000000e+00,-1.392857360839843750e+01,-4.558973693847656250e+01,0.000000000000000000e+00,-1.392857360839843750e+01,-4.558973693847656250e+01,0.000000000000000000e+00,-1.392857360839843750e+01,-4.558973693847656250e+01,0.000000000000000000e+00
2.910000000000000000e+02,1.010000000000000000e+02,1.000000000000000000e+00,3.060000000000000000e+02,1.810000000000000000e+02,1.000000000000000000e+00,2.440000000000000000e+02,1.830000000000000000e+02,1.000000000000000000e+00,2.090000000000000000e+02,2.920000000000000000e+02,1.000000000000000000e+00,2.070000000000000000e+02,2.680000000000000000e+02,1.000000000000000000e+00,3.640000000000000000e+02,1.780000000000000000e+02,1.000000000000000000e+00,4.610000000000000000e+02,2.200000000000000000e+02,1.000000000000000000e+00,5.480000000000000000e+02,1.680000000000000000e+02,1.000000000000000000e+00,3.020000000000000000e+02,3.760000000000000000e+02,1.000000000000000000e+00,2.580000000000000000e+02,3.760000000000000000e+02,1.000000000000000000e+00,2.669019165039062500e+02,5.102773132324218750e+02,0.000000000000000000e+00,-1.411315917968750000e+01,-4.558064270019531250e+01,0.000000000000000000e+00,3.460000000000000000e+02,3.790000000000000000e+02,1.000000000000000000e+00,3.498311462402343750e+02,4.930319519042968750e+02,0.000000000000000000e+00,-1.411315917968750000e+01,-4.558064270019531250e+01,0.000000000000000000e+00,2.780000000000000000e+02,8.900000000000000000e+01,1.000000000000000000e+00,3.060000000000000000e+02,8.900000000000000000e+01,1.000000000000000000e+00,2.660000000000000000e+02,1.030000000000000000e+02,1.000000000000000000e+00,3.270000000000000000e+02,9.700000000000000000e+01,1.000000000000000000e+00,-1.411315917968750000e+01,-4.558064270019531250e+01,0.000000000000000000e+00,-1.411315917968750000e+01,-4.558064270019531250e+01,0.000000000000000000e+00,-1.411315917968750000e+01,-4.558064270019531250e+01,0.000000000000000000e+00,-1.411315917968750000e+01,-4.558064270019531250e+01,0.000000000000000000e+00,-1.411315917968750000e+01,-4.558064270019531250e+01,0.000000000000000000e+00,-1.411315917968750000e+01,-4.558064270019531250e+01,0.000000000000000000e+00
2.910000000000000000e+02,1.010000000000000000e+02,1.000000000000000000e+00,3.060000000000000000e+02,1.810000000000000000e+02,1.000000000000000000e+00,2.460000000000000000e+02,1.860000000000000000e+02,1.000000000000000000e+00,2.110000000000000000e+02,2.940000000000000000e+02,1.000000000000000000e+00,2.480000000000000000e+02,1.970000000000000000e+02,1.000000000000000000e+00,3.640000000000000000e+02,1.780000000000000000e+02,1.000000000000000000e+00,4.610000000000000000e+02,2.200000000000000000e+02,1.000000000000000000e+00,5.480000000000000000e+02,1.690000000000000000e+02,1.000000000000000000e+00,3.010000000000000000e+02,3.770000000000000000e+02,1.000000000000000000e+00,2.570000000000000000e+02,3.770000000000000000e+02,1.000000000000000000e+00,2.670529785156250000e+02,5.114410705566406250e+02,0.000000000000000000e+00,-1.421179199218750000e+01,-4.569808959960937500e+01,0.000000000000000000e+00,3.460000000000000000e+02,3.790000000000000000e+02,1.000000000000000000e+00,3.500223388671875000e+02,4.952825317382812500e+02,0.000000000000000000e+00,-1.421179199218750000e+01,-4.569808959960937500e+01,0.000000000000000000e+00,2.780000000000000000e+02,8.900000000000000000e+01,1.000000000000000000e+00,3.060000000000000000e+02,8.900000000000000000e+01,1.000000000000000000e+00,2.660000000000000000e+02,1.030000000000000000e+02,1.000000000000000000e+00,3.270000000000000000e+02,9.700000000000000000e+01,1.000000000000000000e+00,-1.421179199218750000e+01,-4.569808959960937500e+01,0.000000000000000000e+00,-1.421179199218750000e+01,-4.569808959960937500e+01,0.000000000000000000e+00,-1.421179199218750000e+01,-4.569808959960937500e+01,0.000000000000000000e+00,-1.421179199218750000e+01,-4.569808959960937500e+01,0.000000000000000000e+00,-1.421179199218750000e+01,-4.569808959960937500e+01,0.000000000000000000e+00,-1.421179199218750000e+01,-4.569808959960937500e+01,0.000000000000000000e+00
2.910000000000000000e+02,1.010000000000000000e+02,1.000000000000000000e+00,3.060000000000000000e+02,1.810000000000000000e+02,1.000000000000000000e+00,2.490000000000000000e+02,1.890000000000000000e+02,1.000000000000000000e+00,2.080000000000000000e+02,2.960000000000000000e+02,1.000000000000000000e+00,2.150000000000000000e+02,2.740000000000000000e+02,1.000000000000000000e+00,3.640000000000000000e+02,1.780000000000000000e+02,1.000000000000000000e+00,4.610000000000000000e+02,2.200000000000000000e+02,1.000000000000000000e+00,5.480000000000000000e+02,1.690000000000000000e+02,1.000000000000000000e+00,3.000000000000000000e+02,3.770000000000000000e+02,1.000000000000000000e+00,2.570000000000000000e+02,3.770000000000000000e+02,1.000000000000000000e+00,2.671105957031250000e+02,5.111361389160156250e+02,0.000000000000000000e+00,-1.437054443359375000e+01,-4.615939331054687500e+01,0.000000000000000000e+00,3.470000000000000000e+02,3.790000000000000000e+02,1.000000000000000000e+00,3.499895629882812500e+02,4.956975708007812500e+02,0.000000000000000000e+00,-1.437054443359375000e+01,-4.615939331054687500e+01,0.000000000000000000e+00,2.780000000000000000e+02,8.900000000000000000e+01,1.000000000000000000e+00,3.060000000000000000e+02,8.900000000000000000e+01,1.000000000000000000e+00,2.660000000000000000e+02,1.030000000000000000e+02,1.000000000000000000e+00,3.270000000000000000e+02,9.700000000000000000e+01,1.000000000000000000e+00,-1.437054443359375000e+01,-4.615939331054687500e+01,0.000000000000000000e+00,-1.437054443359375000e+01,-4.615939331054687500e+01,0.000000000000000000e+00,-1.437054443359375000e+01,-4.615939331054687500e+01,0.000000000000000000e+00,-1.437054443359375000e+01,-4.615939331054687500e+01,0.000000000000000000e+00,-1.437054443359375000e+01,-4.615939331054687500e+01,0.000000000000000000e+00,-1.437054443359375000e+01,-4.615939331054687500e+01,0.000000000000000000e+00
2.910000000000000000e+02,1.010000000000000000e+02,1.000000000000000000e+00,3.060000000000000000e+02,1.810000000000000000e+02,1.000000000000000000e+00,2.460000000000000000e+02,1.830000000000000000e+02,1.000000000000000000e+00,2.050000000000000000e+02,2.980000000000000000e+02,1.000000000000000000e+00,2.500000000000000000e+02,2.310000000000000000e+02,1.000000000000000000e+00,3.640000000000000000e+02,1.780000000000000000e+02,1.000000000000000000e+00,4.610000000000000000e+02,2.200000000000000000e+02,1.000000000000000000e+00,5.480000000000000000e+02,1.690000000000000000e+02,1.000000000000000000e+00,3.000000000000000000e+02,3.770000000000000000e+02,1.000000000000000000e+00,2.580000000000000000e+02,3.770000000000000000e+02,1.000000000000000000e+00,2.672736511230468750e+02,5.121610107421875000e+02,0.000000000000000000e+00,-1.250815582275390625e+01,-4.428459167480468750e+01,0.000000000000000000e+00,3.470000000000000000e+02,3.790000000000000000e+02,1.000000000000000000e+00,3.497639160156250000e+02,4.990231323242187500e+02,0.000000000000000000e+00,-1.250815582275390625e+01,-4.428459167480468750e+01,0.000000000000000000e+00,2.780000000000000000e+02,8.900000000000000000e+01,1.000000000000000000e+00,3.060000000000000000e+02,8.900000000000000000e+01,1.000000000000000000e+00,2.660000000000000000e+02,1.030000000000000000e+02,1.000000000000000000e+00,3.270000000000000000e+02,9.700000000000000000e+01,1.000000000000000000e+00,-1.250815582275390625e+01,-4.428459167480468750e+01,0.000000000000000000e+00,-1.250815582275390625e+01,-4.428459167480468750e+01,0.000000000000000000e+00,-1.250815582275390625e+01,-4.428459167480468750e+01,0.000000000000000000e+00,-1.250815582275390625e+01,-4.428459167480468750e+01,0.000000000000000000e+00,-1.250815582275390625e+01,-4.428459167480468750e+01,0.000000000000000000e+00,-1.250815582275390625e+01,-4.428459167480468750e+01,0.000000000000000000e+00
2.910000000000000000e+02,1.010000000000000000e+02,1.000000000000000000e+00,3.060000000000000000e+02,1.810000000000000000e+02,1.000000000000000000e+00,2.480000000000000000e+02,1.840000000000000000e+02,1.000000000000000000e+00,2.010000000000000000e+02,2.840000000000000000e+02,1.000000000000000000e+00,2.070000000000000000e+02,2.800000000000000000e+02,1.000000000000000000e+00,3.640000000000000000e+02,1.780000000000000000e+02,1.000000000000000000e+00,4.610000000000000000e+02,2.200000000000000000e+02,1.000000000000000000e+00,5.510000000000000000e+02,1.690000000000000000e+02,1.000000000000000000e+00,3.000000000000000000e+02,3.770000000000000000e+02,1.000000000000000000e+00,2.580000000000000000e+02,3.770000000000000000e+02,1.000000000000000000e+00,2.675559082031250000e+02,5.109035339355468750e+02,0.000000000000000000e+00,-1.253837585449218750e+01,-4.160612487792968750e+01,0.000000000000000000e+00,3.470000000000000000e+02,3.790000000000000000e+02,1.000000000000000000e+00,3.503330993652343750e+02,4.993659667968750000e+02,0.000000000000000000e+00,-1.253837585449218750e+01,-4.160612487792968750e+01,0.000000000000000000e+00,2.780000000000000000e+02,8.900000000000000000e+01,1.000000000000000000e+00,3.060000000000000000e+02,8.900000000000000000e+01,1.000000000000000000e+00,2.660000000000000000e+02,1.030000000000000000e+02,1.000000000000000000e+00,3.270000000000000000e+02,9.700000000000000000e+01,1.000000000000000000e+00,-1.253837585449218750e+01,-4.160612487792968750e+01,0.000000000000000000e+00,-1.253837585449218750e+01,-4.160612487792968750e+01,0.000000000000000000e+00,-1.253837585449218750e+01,-4.160612487792968750e+01,0.000000000000000000e+00,-1.253837585449218750e+01,-4.160612487792968750e+01,0.000000000000000000e+00,-1.253837585449218750e+01,-4.160612487792968750e+01,0.000000000000000000e+00,-1.253837585449218750e+01,-4.160612487792968750e+01,0.000000000000000000e+00
2.910000000000000000e+02,1.010000000000000000e+02,1.000000000000000000e+00,3.060000000000000000e+02,1.810000000000000000e+02,1.000000000000000000e+00,2.480000000000000000e+02,1.840000000000000000e+02,1.000000000000000000e+00,2.000000000000000000e+02,2.860000000000000000e+02,1.000000000000000000e+00,2.680000000000000000e+02,2.500000000000000000e+02,1.000000000000000000e+00,3.640000000000000000e+02,1.780000000000000000e+02,1.000000000000000000e+00,4.610000000000000000e+02,2.200000000000000000e+02,1.000000000000000000e+00,5.510000000000000000e+02,1.690000000000000000e+02,1.000000000000000000e+00,3.000000000000000000e+02,3.770000000000000000e+02,1.000000000000000000e+00,2.580000000000000000e+02,3.770000000000000000e+02,1.000000000000000000e+00,2.675577697753906250e+02,5.116133728027343750e+02,0.000000000000000000e+00,-1.171141815185546875e+01,-4.146661376953125000e+01,0.000000000000000000e+00,3.470000000000000000e+02,3.790000000000000000e+02,1.000000000000000000e+00,3.504846191406250000e+02,5.005704956054687500e+02,0.000000000000000000e+00,-1.171141815185546875e+01,-4.146661376953125000e+01,0.000000000000000000e+00,2.780000000000000000e+02,8.900000000000000000e+01,1.000000000000000000e+00,3.060000000000000000e+02,8.900000000000000000e+01,1.000000000000000000e+00,2.660000000000000000e+02,1.030000000000000000e+02,1.000000000000000000e+00,3.270000000000000000e+02,9.700000000000000000e+01,1.000000000000000000e+00,-1.171141815185546875e+01,-4.146661376953125000e+01,0.000000000000000000e+00,-1.171141815185546875e+01,-4.146661376953125000e+01,0.000000000000000000e+00,-1.171141815185546875e+01,-4.146661376953125000e+01,0.000000000000000000e+00,-1.171141815185546875e+01,-4.146661376953125000e+01,0.000000000000000000e+00,-1.171141815185546875e+01,-4.146661376953125000e+01,0.000000000000000000e+00,-1.171141815185546875e+01,-4.146661376953125000e+01,0.000000000000000000e+00
2.910000000000000000e+02,1.010000000000000000e+02,1.000000000000000000e+00,3.060000000000000000e+02,1.810000000000000000e+02,1.000000000000000000e+00,2.480000000000000000e+02,1.840000000000000000e+02,1.000000000000000000e+00,1.950000000000000000e+02,2.700000000000000000e+02,1.000000000000000000e+00,2.480000000000000000e+02,2.800000000000000000e+02,1.000000000000000000e+00,3.640000000000000000e+02,1.780000000000000000e+02,1.000000000000000000e+00,4.610000000000000000e+02,2.200000000000000000e+02,1.000000000000000000e+00,5.510000000000000000e+02,1.690000000000000000e+02,1.000000000000000000e+00,3.020000000000000000e+02,3.770000000000000000e+02,1.000000000000000000e+00,2.570000000000000000e+02,3.770000000000000000e+02,1.000000000000000000e+00,2.675748291015625000e+02,5.105694580078125000e+02,0.000000000000000000e+00,-1.249836730957031250e+01,-4.249481201171875000e+01,0.000000000000000000e+00,3.470000000000000000e+02,3.790000000000000000e+02,1.000000000000000000e+00,3.507231140136718750e+02,5.101747131347656250e+02,0.000000000000000000e+00,-1.249836730957031250e+01,-4.249481201171875000e+01,0.000000000000000000e+00,2.780000000000000000e+02,8.900000000000000000e+01,1.000000000000000000e+00,3.060000000000000000e+02,8.900000000000000000e+01,1.000000000000000000e+00,2.660000000000000000e+02,1.030000000000000000e+02,1.000000000000000000e+00,3.270000000000000000e+02,9.700000000000000000e+01,1.000000000000000000e+00,-1.249836730957031250e+01,-4.249481201171875000e+01,0.000000000000000000e+00,-1.249836730957031250e+01,-4.249481201171875000e+01,0.000000000000000000e+00,-1.249836730957031250e+01,-4.249481201171875000e+01,0.000000000000000000e+00,-1.249836730957031250e+01,-4.249481201171875000e+01,0.000000000000000000e+00,-1.249836730957031250e+01,-4.249481201171875000e+01,0.000000000000000000e+00,-1.249836730957031250e+01,-4.249481201171875000e+01,0.000000000000000000e+00
2.920000000000000000e+02,1.020000000000000000e+02,1.000000000000000000e+00,3.060000000000000000e+02,1.810000000000000000e+02,1.000000000000000000e+00,2.490000000000000000e+02,1.840000000000000000e+02,1.000000000000000000e+00,1.970000000000000000e+02,2.710000000000000000e+02,1.000000000000000000e+00,2.010000000000000000e+02,2.800000000000000000e+02,1.000000000000000000e+00,3.640000000000000000e+02,1.780000000000000000e+02,1.000000000000000000e+00,4.610000000000000000e+02,2.200000000000000000e+02,1.000000000000000000e+00,5.510000000000000000e+02,1.690000000000000000e+02,1.000000000000000000e+00,3.000000000000000000e+02,3.780000000000000000e+02,1.000000000000000000e+00,2.580000000000000000e+02,3.770000000000000000e+02,1.000000000000000000e+00,2.676387023925781250e+02,5.106438293457031250e+02,0.000000000000000000e+00,-1.268840789794921875e+01,-4.187480163574218750e+01,0.000000000000000000e+00,3.460000000000000000e+02,3.790000000000000000e+02,1.000000000000000000e+00,3.507283630371093750e+02,5.105227661132812500e+02,0.000000000000000000e+00,-1.268840789794921875e+01,-4.187480163574218750e+01,0.000000000000000000e+00,2.780000000000000000e+02,9.000000000000000000e+01,1.000000000000000000e+00,3.060000000000000000e+02,8.900000000000000000e+01,1.000000000000000000e+00,2.660000000000000000e+02,1.040000000000000000e+02,1.000000000000000000e+00,3.270000000000000000e+02,9.700000000000000000e+01,1.000000000000000000e+00,-1.268840789794921875e+01,-4.187480163574218750e+01,0.000000000000000000e+00,-1.268840789794921875e+01,-4.187480163574218750e+01,0.000000000000000000e+00,-1.268840789794921875e+01,-4.187480163574218750e+01,0.000000000000000000e+00,-1.268840789794921875e+01,-4.187480163574218750e+01,0.000000000000000000e+00,-1.268840789794921875e+01,-4.187480163574218750e+01,0.000000000000000000e+00,-1.268840789794921875e+01,-4.187480163574218750e+01,0.000000000000000000e+00
2.930000000000000000e+02,1.020000000000000000e+02,1.000000000000000000e+00,3.060000000000000000e+02,1.810000000000000000e+02,1.000000000000000000e+00,2.500000000000000000e+02,1.850000000000000000e+02,1.000000000000000000e+00,1.990000000000000000e+02,2.730000000000000000e+02,1.000000000000000000e+00,2.680000000000000000e+02,3.240000000000000000e+02,1.000000000000000000e+00,3.640000000000000000e+02,1.780000000000000000e+02,1.000000000000000000e+00,4.610000000000000000e+02,2.200000000000000000e+02,1.000000000000000000e+00,5.510000000000000000e+02,1.690000000000000000e+02,1.000000000000000000e+00,3.020000000000000000e+02,3.640000000000000000e+02,1.000000000000000000e+00,2.600000000000000000e+02,3.640000000000000000e+02,1.000000000000000000e+00,2.676577148437500000e+02,5.105540771484375000e+02,0.000000000000000000e+00,-1.305815887451171875e+01,-4.214131164550781250e+01,0.000000000000000000e+00,3.460000000000000000e+02,3.640000000000000000e+02,1.000000000000000000e+00,3.507916259765625000e+02,5.115975341796875000e+02,0.000000000000000000e+00,-1.305815887451171875e+01,-4.214131164550781250e+01,0.000000000000000000e+00,2.790000000000000000e+02,9.000000000000000000e+01,1.000000000000000000e+00,3.070000000000000000e+02,8.900000000000000000e+01,1.000000000000000000e+00,2.660000000000000000e+02,1.050000000000000000e+02,1.000000000000000000e+00,3.270000000000000000e+02,9.700000000000000000e+01,1.000000000000000000e+00,-1.305815887451171875e+01,-4.214131164550781250e+01,0.000000000000000000e+00,-1.305815887451171875e+01,-4.214131164550781250e+01,0.000000000000000000e+00,-1.305815887451171875e+01,-4.214131164550781250e+01,0.000000000000000000e+00,-1.305815887451171875e+01,-4.214131164550781250e+01,0.000000000000000000e+00,-1.305815887451171875e+01,-4.214131164550781250e+01,0.000000000000000000e+00,-1.305815887451171875e+01,-4.214131164550781250e+01,0.000000000000000000e+00
2.950000000000000000e+02,1.020000000000000000e+02,1.000000000000000000e+00,3.070000000000000000e+02,1.810000000000000000e+02,1.000000000000000000e+00,2.510000000000000000e+02,1.860000000000000000e+02,1.000000000000000000e+00,1.990000000000000000e+02,2.750000000000000000e+02,1.000000000000000000e+00,2.640000000000000000e+02,3.290000000000000000e+02,1.000000000000000000e+00,3.640000000000000000e+02,1.780000000000000000e+02,1.000000000000000000e+00,4.610000000000000000e+02,2.190000000000000000e+02,1.000000000000000000e+00,5.510000000000000000e+02,1.680000000000000000e+02,1.000000000000000000e+00,2.980000000000000000e+02,3.670000000000000000e+02,1.000000000000000000e+00,2.620000000000000000e+02,3.660000000000000000e+02,1.000000000000000000e+00,2.677654418945312500e+02,5.099535827636718750e+02,0.000000000000000000e+00,-1.488650512695312500e+01,-4.294567871093750000e+01,0.000000000000000000e+00,3.460000000000000000e+02,3.670000000000000000e+02,1.000000000000000000e+00,3.507003479003906250e+02,5.117106933593750000e+02,0.000000000000000000e+00,-1.488650512695312500e+01,-4.294567871093750000e+01,0.000000000000000000e+00,2.810000000000000000e+02,9.000000000000000000e+01,1.000000000000000000e+00,3.080000000000000000e+02,8.900000000000000000e+01,1.000000000000000000e+00,2.660000000000000000e+02,1.050000000000000000e+02,1.000000000000000000e+00,3.280000000000000000e+02,9.700000000000000000e+01,1.000000000000000000e+00,-1.488650512695312500e+01,-4.294567871093750000e+01,0.000000000000000000e+00,-1.488650512695312500e+01,-4.294567871093750000e+01,0.000000000000000000e+00,-1.488650512695312500e+01,-4.294567871093750000e+01,0.000000000000000000e+00,-1.488650512695312500e+01,-4.294567871093750000e+01,0.000000000000000000e+00,-1.488650512695312500e+01,-4.294567871093750000e+01,0.000000000000000000e+00,-1.488650512695312500e+01,-4.294567871093750000e+01,0.000000000000000000e+00
2.970000000000000000e+02,1.010000000000000000e+02,1.000000000000000000e+00,3.070000000000000000e+02,1.810000000000000000e+02,1.000000000000000000e+00,2.510000000000000000e+02,1.860000000000000000e+02,1.000000000000000000e+00,1.970000000000000000e+02,2.730000000000000000e+02,1.000000000000000000e+00,2.570000000000000000e+02,3.190000000000000000e+02,1.000000000000000000e+00,3.640000000000000000e+02,1.780000000000000000e+02,1.000000000000000000e+00,4.610000000000000000e+02,2.180000000000000000e+02,1.000000000000000000e+00,5.510000000000000000e+02,1.670000000000000000e+02,1.000000000000000000e+00,3.020000000000000000e+02,3.760000000000000000e+02,1.000000000000000000e+00,2.600000000000000000e+02,3.740000000000000000e+02,1.000000000000000000e+00,2.681927185058593750e+02,5.096614074707031250e+02,0.000000000000000000e+00,-1.497253417968750000e+01,-4.306008911132812500e+01,0.000000000000000000e+00,3.470000000000000000e+02,3.720000000000000000e+02,1.000000000000000000e+00,3.509098205566406250e+02,5.104583129882812500e+02,0.000000000000000000e+00,-1.497253417968750000e+01,-4.306008911132812500e+01,0.000000000000000000e+00,2.830000000000000000e+02,8.900000000000000000e+01,1.000000000000000000e+00,3.100000000000000000e+02,8.800000000000000000e+01,1.000000000000000000e+00,2.660000000000000000e+02,1.040000000000000000e+02,1.000000000000000000e+00,3.290000000000000000e+02,9.600000000000000000e+01,1.000000000000000000e+00,-1.497253417968750000e+01,-4.306008911132812500e+01,0.000000000000000000e+00,-1.497253417968750000e+01,-4.306008911132812500e+01,0.000000000000000000e+00,-1.497253417968750000e+01,-4.306008911132812500e+01,0.000000000000000000e+00,-1.497253417968750000e+01,-4.306008911132812500e+01,0.000000000000000000e+00,-1.497253417968750000e+01,-4.306008911132812500e+01,0.000000000000000000e+00,-1.497253417968750000e+01,-4.306008911132812500e+01,0.000000000000000000e+00
2.990000000000000000e+02,1.000000000000000000e+02,1.000000000000000000e+00,3.070000000000000000e+02,1.810000000000000000e+02,1.000000000000000000e+00,2.500000000000000000e+02,1.850000000000000000e+02,1.000000000000000000e+00,1.910000000000000000e+02,2.700000000000000000e+02,1.000000000000000000e+00,2.530000000000000000e+02,3.020000000000000000e+02,1.000000000000000000e+00,3.640000000000000000e+02,1.780000000000000000e+02,1.000000000000000000e+00,4.620000000000000000e+02,2.170000000000000000e+02,1.000000000000000000e+00,5.520000000000000000e+02,1.650000000000000000e+02,1.000000000000000000e+00,2.980000000000000000e+02,3.750000000000000000e+02,1.000000000000000000e+00,2.600000000000000000e+02,3.780000000000000000e+02,1.000000000000000000e+00,2.685442504882812500e+02,5.101607666015625000e+02,0.000000000000000000e+00,-1.544744110107421875e+01,-4.698558044433593750e+01,0.000000000000000000e+00,3.470000000000000000e+02,3.750000000000000000e+02,1.000000000000000000e+00,3.512793884277343750e+02,5.100742492675781250e+02,0.000000000000000000e+00,-1.544744110107421875e+01,-4.698558044433593750e+01,0.000000000000000000e+00,2.840000000000000000e+02,8.800000000000000000e+01,1.000000000000000000e+00,3.110000000000000000e+02,8.700000000000000000e+01,1.000000000000000000e+00,2.660000000000000000e+02,1.030000000000000000e+02,1.000000000000000000e+00,3.300000000000000000e+02,9.600000000000000000e+01,1.000000000000000000e+00,-1.544744110107421875e+01,-4.698558044433593750e+01,0.000000000000000000e+00,-1.544744110107421875e+01,-4.698558044433593750e+01,0.000000000000000000e+00,-1.544744110107421875e+01,-4.698558044433593750e+01,0.000000000000000000e+00,-1.544744110107421875e+01,-4.698558044433593750e+01,0.000000000000000000e+00,-1.544744110107421875e+01,-4.698558044433593750e+01,0.000000000000000000e+00,-1.544744110107421875e+01,-4.698558044433593750e+01,0.000000000000000000e+00
3.000000000000000000e+02,1.000000000000000000e+02,1.000000000000000000e+00,3.070000000000000000e+02,1.800000000000000000e+02,1.000000000000000000e+00,2.490000000000000000e+02,1.840000000000000000e+02,1.000000000000000000e+00,1.880000000000000000e+02,2.630000000000000000e+02,1.000000000000000000e+00,2.480000000000000000e+02,2.830000000000000000e+02,1.000000000000000000e+00,3.640000000000000000e+02,1.770000000000000000e+02,1.000000000000000000e+00,4.630000000000000000e+02,2.160000000000000000e+02,1.000000000000000000e+00,5.520000000000000000e+02,1.630000000000000000e+02,1.000000000000000000e+00,2.980000000000000000e+02,3.760000000000000000e+02,1.000000000000000000e+00,2.560000000000000000e+02,3.780000000000000000e+02,1.000000000000000000e+00,2.691909484863281250e+02,5.102035217285156250e+02,0.000000000000000000e+00,-1.858272552490234375e+01,-5.087866210937500000e+01,0.000000000000000000e+00,3.460000000000000000e+02,3.770000000000000000e+02,1.000000000000000000e+00,3.516148986816406250e+02,5.095925292968750000e+02,0.000000000000000000e+00,-1.858272552490234375e+01,-5.087866210937500000e+01,0.000000000000000000e+00,2.850000000000000000e+02,8.700000000000000000e+01,1.000000000000000000e+00,3.120000000000000000e+02,8.700000000000000000e+01,1.000000000000000000e+00,2.660000000000000000e+02,1.030000000000000000e+02,1.000000000000000000e+00,3.300000000000000000e+02,9.600000000000000000e+01,1.000000000000000000e+00,-1.858272552490234375e+01,-5.087866210937500000e+01,0.000000000000000000e+00,-1.858272552490234375e+01,-5.087866210937500000e+01,0.000000000000000000e+00,-1.858272552490234375e+01,-5.087866210937500000e+01,0.000000000000000000e+00,-1.858272552490234375e+01,-5.087866210937500000e+01,0.000000000000000000e+00,-1.858272552490234375e+01,-5.087866210937500000e+01,0.000000000000000000e+00,-1.858272552490234375e+01,-5.087866210937500000e+01,0.000000000000000000e+00
3.010000000000000000e+02,1.000000000000000000e+02,1.000000000000000000e+00,3.090000000000000000e+02,1.810000000000000000e+02,1.000000000000000000e+00,2.480000000000000000e+02,1.830000000000000000e+02,1.000000000000000000e+00,1.850000000000000000e+02,2.660000000000000000e+02,1.000000000000000000e+00,2.440000000000000000e+02,2.620000000000000000e+02,1.000000000000000000e+00,3.660000000000000000e+02,1.750000000000000000e+02,1.000000000000000000e+00,4.630000000000000000e+02,2.150000000000000000e+02,1.000000000000000000e+00,5.500000000000000000e+02,1.640000000000000000e+02,1.000000000000000000e+00,2.990000000000000000e+02,3.760000000000000000e+02,1.000000000000000000e+00,2.590000000000000000e+02,3.760000000000000000e+02,1.000000000000000000e+00,2.693222045898437500e+02,5.101900024414062500e+02,0.000000000000000000e+00,-1.871674346923828125e+01,-5.075421142578125000e+01,0.000000000000000000e+00,3.470000000000000000e+02,3.770000000000000000e+02,1.000000000000000000e+00,3.519458923339843750e+02,5.094504089355468750e+02,0.000000000000000000e+00,-1.871674346923828125e+01,-5.075421142578125000e+01,0.000000000000000000e+00,2.860000000000000000e+02,8.700000000000000000e+01,1.000000000000000000e+00,3.120000000000000000e+02,8.700000000000000000e+01,1.000000000000000000e+00,2.660000000000000000e+02,1.030000000000000000e+02,1.000000000000000000e+00,3.300000000000000000e+02,9.600000000000000000e+01,1.000000000000000000e+00,-1.871674346923828125e+01,-5.075421142578125000e+01,0.000000000000000000e+00,-1.871674346923828125e+01,-5.075421142578125000e+01,0.000000000000000000e+00,-1.871674346923828125e+01,-5.075421142578125000e+01,0.000000000000000000e+00,-1.871674346923828125e+01,-5.075421142578125000e+01,0.000000000000000000e+00,-1.871674346923828125e+01,-5.075421142578125000e+01,0.000000000000000000e+00,-1.871674346923828125e+01,-5.075421142578125000e+01,0.000000000000000000e+00
3.020000000000000000e+02,1.000000000000000000e+02,1.000000000000000000e+00,3.090000000000000000e+02,1.800000000000000000e+02,1.000000000000000000e+00,2.480000000000000000e+02,1.820000000000000000e+02,1.000000000000000000e+00,1.850000000000000000e+02,2.780000000000000000e+02,1.000000000000000000e+00,2.430000000000000000e+02,2.420000000000000000e+02,1.000000000000000000e+00,3.660000000000000000e+02,1.740000000000000000e+02,1.000000000000000000e+00,4.630000000000000000e+02,2.140000000000000000e+02,1.000000000000000000e+00,5.460000000000000000e+02,1.650000000000000000e+02,1.000000000000000000e+00,3.010000000000000000e+02,3.760000000000000000e+02,1.000000000000000000e+00,2.590000000000000000e+02,3.760000000000000000e+02,1.000000000000000000e+00,2.697910156250000000e+02,5.105033874511718750e+02,0.000000000000000000e+00,-1.896833038330078125e+01,-5.415093231201171875e+01,0.000000000000000000e+00,3.470000000000000000e+02,3.770000000000000000e+02,1.000000000000000000e+00,3.521578979492187500e+02,5.095373840332031250e+02,0.000000000000000000e+00,-1.896833038330078125e+01,-5.415093231201171875e+01,0.000000000000000000e+00,2.860000000000000000e+02,8.700000000000000000e+01,1.000000000000000000e+00,3.130000000000000000e+02,8.700000000000000000e+01,1.000000000000000000e+00,2.660000000000000000e+02,1.030000000000000000e+02,1.000000000000000000e+00,3.300000000000000000e+02,9.600000000000000000e+01,1.000000000000000000e+00,-1.896833038330078125e+01,-5.415093231201171875e+01,0.000000000000000000e+00,-1.896833038330078125e+01,-5.415093231201171875e+01,0.000000000000000000e+00,-1.896833038330078125e+01,-5.415093231201171875e+01,0.000000000000000000e+00,-1.896833038330078125e+01,-5.415093231201171875e+01,0.000000000000000000e+00,-1.896833038330078125e+01,-5.415093231201171875e+01,0.000000000000000000e+00,-1.896833038330078125e+01,-5.415093231201171875e+01,0.000000000000000000e+00
3.010000000000000000e+02,1.010000000000000000e+02,1.000000000000000000e+00,3.090000000000000000e+02,1.800000000000000000e+02,1.000000000000000000e+00,2.480000000000000000e+02,1.820000000000000000e+02,1.000000000000000000e+00,1.860000000000000000e+02,2.780000000000000000e+02,1.000000000000000000e+00,1.870000000000000000e+02,2.660000000000000000e+02,1.000000000000000000e+00,3.660000000000000000e+02,1.740000000000000000e+02,1.000000000000000000e+00,4.630000000000000000e+02,2.140000000000000000e+02,1.000000000000000000e+00,5.420000000000000000e+02,1.660000000000000000e+02,1.000000000000000000e+00,3.010000000000000000e+02,3.760000000000000000e+02,1.000000000000000000e+00,2.590000000000000000e+02,3.760000000000000000e+02,1.000000000000000000e+00,2.698695678710937500e+02,5.103410949707031250e+02,0.000000000000000000e+00,-1.951673889160156250e+01,-5.474725341796875000e+01,0.000000000000000000e+00,3.480000000000000000e+02,3.770000000000000000e+02,1.000000000000000000e+00,3.523659667968750000e+02,5.089142150878906250e+02,0.000000000000000000e+00,-1.951673889160156250e+01,-5.474725341796875000e+01,0.000000000000000000e+00,2.850000000000000000e+02,8.800000000000000000e+01,1.000000000000000000e+00,3.130000000000000000e+02,8.700000000000000000e+01,1.000000000000000000e+00,2.660000000000000000e+02,1.030000000000000000e+02,1.000000000000000000e+00,3.300000000000000000e+02,9.600000000000000000e+01,1.000000000000000000e+00,-1.951673889160156250e+01,-5.474725341796875000e+01,0.000000000000000000e+00,-1.951673889160156250e+01,-5.474725341796875000e+01,0.000000000000000000e+00,-1.951673889160156250e+01,-5.474725341796875000e+01,0.000000000000000000e+00,-1.951673889160156250e+01,-5.474725341796875000e+01,0.000000000000000000e+00,-1.951673889160156250e+01,-5.474725341796875000e+01,0.000000000000000000e+00,-1.951673889160156250e+01,-5.474725341796875000e+01,0.000000000000000000e+00
3.020000000000000000e+02,1.010000000000000000e+02,1.000000000000000000e+00,3.090000000000000000e+02,1.800000000000000000e+02,1.000000000000000000e+00,2.480000000000000000e+02,1.820000000000000000e+02,1.000000000000000000e+00,1.930000000000000000e+02,2.860000000000000000e+02,1.000000000000000000e+00,1.880000000000000000e+02,2.680000000000000000e+02,1.000000000000000000e+00,3.660000000000000000e+02,1.740000000000000000e+02,1.000000000000000000e+00,4.630000000000000000e+02,2.140000000000000000e+02,1.000000000000000000e+00,5.400000000000000000e+02,1.680000000000000000e+02,1.000000000000000000e+00,3.010000000000000000e+02,3.760000000000000000e+02,1.000000000000000000e+00,2.620000000000000000e+02,3.760000000000000000e+02,1.000000000000000000e+00,2.698602294921875000e+02,5.112532043457031250e+02,0.000000000000000000e+00,-1.994497680664062500e+01,-5.468533325195312500e+01,0.000000000000000000e+00,3.480000000000000000e+02,3.770000000000000000e+02,1.000000000000000000e+00,3.522187500000000000e+02,5.092539062500000000e+02,0.000000000000000000e+00,-1.994497680664062500e+01,-5.468533325195312500e+01,0.000000000000000000e+00,2.860000000000000000e+02,8.800000000000000000e+01,1.000000000000000000e+00,3.140000000000000000e+02,8.700000000000000000e+01,1.000000000000000000e+00,2.660000000000000000e+02,1.030000000000000000e+02,1.000000000000000000e+00,3.300000000000000000e+02,9.600000000000000000e+01,1.000000000000000000e+00,-1.994497680664062500e+01,-5.468533325195312500e+01,0.000000000000000000e+00,-1.994497680664062500e+01,-5.468533325195312500e+01,0.000000000000000000e+00,-1.994497680664062500e+01,-5.468533325195312500e+01,0.000000000000000000e+00,-1.994497680664062500e+01,-5.468533325195312500e+01,0.000000000000000000e+00,-1.994497680664062500e+01,-5.468533325195312500e+01,0.000000000000000000e+00,-1.994497680664062500e+01,-5.468533325195312500e+01,0.000000000000000000e+00
3.030000000000000000e+02,1.020000000000000000e+02,1.000000000000000000e+00,3.090000000000000000e+02,1.800000000000000000e+02,1.000000000000000000e+00,2.480000000000000000e+02,1.810000000000000000e+02,1.000000000000000000e+00,1.940000000000000000e+02,2.900000000000000000e+02,1.000000000000000000e+00,2.300000000000000000e+02,2.220000000000000000e+02,1.000000000000000000e+00,3.660000000000000000e+02,1.740000000000000000e+02,1.000000000000000000e+00,4.630000000000000000e+02,2.140000000000000000e+02,1.000000000000000000e+00,5.400000000000000000e+02,1.690000000000000000e+02,1.000000000000000000e+00,3.010000000000000000e+02,3.760000000000000000e+02,1.000000000000000000e+00,2.620000000000000000e+02,3.760000000000000000e+02,1.000000000000000000e+00,2.699703979492187500e+02,5.128128662109375000e+02,0.000000000000000000e+00,-2.064923095703125000e+01,-5.560118103027343750e+01,0.000000000000000000e+00,3.480000000000000000e+02,3.770000000000000000e+02,1.000000000000000000e+00,3.523766174316406250e+02,5.099717407226562500e+02,0.000000000000000000e+00,-2.064923095703125000e+01,-5.560118103027343750e+01,0.000000000000000000e+00,2.870000000000000000e+02,8.800000000000000000e+01,1.000000000000000000e+00,3.140000000000000000e+02,8.700000000000000000e+01,1.000000000000000000e+00,2.660000000000000000e+02,1.030000000000000000e+02,1.000000000000000000e+00,3.300000000000000000e+02,9.600000000000000000e+01,1.000000000000000000e+00,-2.064923095703125000e+01,-5.560118103027343750e+01,0.000000000000000000e+00,-2.064923095703125000e+01,-5.560118103027343750e+01,0.000000000000000000e+00,-2.064923095703125000e+01,-5.560118103027343750e+01,0.000000000000000000e+00,-2.064923095703125000e+01,-5.560118103027343750e+01,0.000000000000000000e+00,-2.064923095703125000e+01,-5.560118103027343750e+01,0.000000000000000000e+00,-2.064923095703125000e+01,-5.560118103027343750e+01,0.000000000000000000e+00
3.040000000000000000e+02,1.020000000000000000e+02,1.000000000000000000e+00,3.090000000000000000e+02,1.800000000000000000e+02,1.000000000000000000e+00,2.460000000000000000e+02,1.800000000000000000e+02,1.000000000000000000e+00,1.990000000000000000e+02,2.930000000000000000e+02,1.000000000000000000e+00,2.300000000000000000e+02,2.230000000000000000e+02,1.000000000000000000e+00,3.660000000000000000e+02,1.740000000000000000e+02,1.000000000000000000e+00,4.620000000000000000e+02,2.150000000000000000e+02,1.000000000000000000e+00,5.410000000000000000e+02,1.680000000000000000e+02,1.000000000000000000e+00,3.010000000000000000e+02,3.760000000000000000e+02,1.000000000000000000e+00,2.640000000000000000e+02,3.770000000000000000e+02,1.000000000000000000e+00,2.699785766601562500e+02,5.138714599609375000e+02,0.000000000000000000e+00,-2.036047363281250000e+01,-5.499752807617187500e+01,0.000000000000000000e+00,3.470000000000000000e+02,3.770000000000000000e+02,1.000000000000000000e+00,3.521186828613281250e+02,5.107781677246093750e+02,0.000000000000000000e+00,-2.036047363281250000e+01,-5.499752807617187500e+01,0.000000000000000000e+00,2.880000000000000000e+02,8.800000000000000000e+01,1.000000000000000000e+00,3.150000000000000000e+02,8.700000000000000000e+01,1.000000000000000000e+00,2.660000000000000000e+02,1.030000000000000000e+02,1.000000000000000000e+00,3.300000000000000000e+02,9.600000000000000000e+01,1.000000000000000000e+00,-2.036047363281250000e+01,-5.499752807617187500e+01,0.000000000000000000e+00,-2.036047363281250000e+01,-5.499752807617187500e+01,0.000000000000000000e+00,-2.036047363281250000e+01,-5.499752807617187500e+01,0.000000000000000000e+00,-2.036047363281250000e+01,-5.499752807617187500e+01,0.000000000000000000e+00,-2.036047363281250000e+01,-5.499752807617187500e+01,0.000000000000000000e+00,-2.036047363281250000e+01,-5.499752807617187500e+01,0.000000000000000000e+00
3.050000000000000000e+02,1.020000000000000000e+02,1.000000000000000000e+00,3.090000000000000000e+02,1.800000000000000000e+02,1.000000000000000000e+00,2.420000000000000000e+02,1.830000000000000000e+02,1.000000000000000000e+00,2.050000000000000000e+02,2.980000000000000000e+02,1.000000000000000000e+00,2.330000000000000000e+02,2.300000000000000000e+02,1.000000000000000000e+00,3.660000000000000000e+02,1.740000000000000000e+02,1.000000000000000000e+00,4.620000000000000000e+02,2.160000000000000000e+02,1.000000000000000000e+00,5.410000000000000000e+02,1.690000000000000000e+02,1.000000000000000000e+00,3.010000000000000000e+02,3.760000000000000000e+02,1.000000000000000000e+00,2.580000000000000000e+02,3.800000000000000000e+02,1.000000000000000000e+00,2.698471679687500000e+02,5.151430664062500000e+02,0.000000000000000000e+00,-2.009165954589843750e+01,-5.473426818847656250e+01,0.000000000000000000e+00,3.480000000000000000e+02,3.770000000000000000e+02,1.000000000000000000e+00,3.520593566894531250e+02,5.106252136230468750e+02,0.000000000000000000e+00,-2.009165954589843750e+01,-5.473426818847656250e+01,0.000000000000000000e+00,2.890000000000000000e+02,8.800000000000000000e+01,1.000000000000000000e+00,3.160000000000000000e+02,8.800000000000000000e+01,1.000000000000000000e+00,2.670000000000000000e+02,1.030000000000000000e+02,1.000000000000000000e+00,3.310000000000000000e+02,9.700000000000000000e+01,1.000000000000000000e+00,-2.009165954589843750e+01,-5.473426818847656250e+01,0.000000000000000000e+00,-2.009165954589843750e+01,-5.473426818847656250e+01,0.000000000000000000e+00,-2.009165954589843750e+01,-5.473426818847656250e+01,0.000000000000000000e+00,-2.009165954589843750e+01,-5.473426818847656250e+01,0.000000000000000000e+00,-2.009165954589843750e+01,-5.473426818847656250e+01,0.000000000000000000e+00,-2.009165954589843750e+01,-5.473426818847656250e+01,0.000000000000000000e+00
3.060000000000000000e+02,1.020000000000000000e+02,1.000000000000000000e+00,3.090000000000000000e+02,1.800000000000000000e+02,1.000000000000000000e+00,2.460000000000000000e+02,1.830000000000000000e+02,1.000000000000000000e+00,2.100000000000000000e+02,3.020000000000000000e+02,1.000000000000000000e+00,2.380000000000000000e+02,2.360000000000000000e+02,1.000000000000000000e+00,3.660000000000000000e+02,1.740000000000000000e+02,1.000000000000000000e+00,4.610000000000000000e+02,2.170000000000000000e+02,1.000000000000000000e+00,5.410000000000000000e+02,1.700000000000000000e+02,1.000000000000000000e+00,3.010000000000000000e+02,3.760000000000000000e+02,1.000000000000000000e+00,2.610000000000000000e+02,3.800000000000000000e+02,1.000000000000000000e+00,2.698252563476562500e+02,5.149429931640625000e+02,0.000000000000000000e+00,-2.027755737304687500e+01,-5.454675292968750000e+01,0.000000000000000000e+00,3.470000000000000000e+02,3.770000000000000000e+02,1.000000000000000000e+00,3.518359680175781250e+02,5.104974670410156250e+02,0.000000000000000000e+00,-2.027755737304687500e+01,-5.454675292968750000e+01,0.000000000000000000e+00,2.900000000000000000e+02,8.800000000000000000e+01,1.000000000000000000e+00,3.170000000000000000e+02,8.800000000000000000e+01,1.000000000000000000e+00,2.670000000000000000e+02,1.030000000000000000e+02,1.000000000000000000e+00,3.320000000000000000e+02,9.800000000000000000e+01,1.000000000000000000e+00,-2.027755737304687500e+01,-5.454675292968750000e+01,0.000000000000000000e+00,-2.027755737304687500e+01,-5.454675292968750000e+01,0.000000000000000000e+00,-2.027755737304687500e+01,-5.454675292968750000e+01,0.000000000000000000e+00,-2.027755737304687500e+01,-5.454675292968750000e+01,0.000000000000000000e+00,-2.027755737304687500e+01,-5.454675292968750000e+01,0.000000000000000000e+00,-2.027755737304687500e+01,-5.454675292968750000e+01,0.000000000000000000e+00
3.060000000000000000e+02,1.020000000000000000e+02,1.000000000000000000e+00,3.090000000000000000e+02,1.800000000000000000e+02,1.000000000000000000e+00,2.490000000000000000e+02,1.840000000000000000e+02,1.000000000000000000e+00,2.130000000000000000e+02,3.010000000000000000e+02,1.000000000000000000e+00,2.580000000000000000e+02,2.420000000000000000e+02,1.000000000000000000e+00,3.660000000000000000e+02,1.740000000000000000e+02,1.000000000000000000e+00,4.610000000000000000e+02,2.180000000000000000e+02,1.000000000000000000e+00,5.410000000000000000e+02,1.710000000000000000e+02,1.000000000000000000e+00,3.010000000000000000e+02,3.760000000000000000e+02,1.000000000000000000e+00,2.620000000000000000e+02,3.800000000000000000e+02,1.000000000000000000e+00,2.696322021484375000e+02,5.165781250000000000e+02,0.000000000000000000e+00,-1.958464050292968750e+01,-5.465254211425781250e+01,0.000000000000000000e+00,3.470000000000000000e+02,3.770000000000000000e+02,1.000000000000000000e+00,3.519553222656250000e+02,5.107301330566406250e+02,0.000000000000000000e+00,-1.958464050292968750e+01,-5.465254211425781250e+01,0.000000000000000000e+00,2.910000000000000000e+02,8.800000000000000000e+01,1.000000000000000000e+00,3.170000000000000000e+02,8.800000000000000000e+01,1.000000000000000000e+00,2.680000000000000000e+02,1.030000000000000000e+02,1.000000000000000000e+00,3.320000000000000000e+02,9.800000000000000000e+01,1.000000000000000000e+00,-1.958464050292968750e+01,-5.465254211425781250e+01,0.000000000000000000e+00,-1.958464050292968750e+01,-5.465254211425781250e+01,0.000000000000000000e+00,-1.958464050292968750e+01,-5.465254211425781250e+01,0.000000000000000000e+00,-1.958464050292968750e+01,-5.465254211425781250e+01,0.000000000000000000e+00,-1.958464050292968750e+01,-5.465254211425781250e+01,0.000000000000000000e+00,-1.958464050292968750e+01,-5.465254211425781250e+01,0.000000000000000000e+00
3.060000000000000000e+02,1.020000000000000000e+02,1.000000000000000000e+00,3.090000000000000000e+02,1.800000000000000000e+02,1.000000000000000000e+00,2.500000000000000000e+02,1.840000000000000000e+02,1.000000000000000000e+00,2.070000000000000000e+02,2.960000000000000000e+02,1.000000000000000000e+00,2.520000000000000000e+02,2.740000000000000000e+02,1.000000000000000000e+00,3.660000000000000000e+02,1.740000000000000000e+02,1.000000000000000000e+00,4.610000000000000000e+02,2.190000000000000000e+02,1.000000000000000000e+00,5.420000000000000000e+02,1.720000000000000000e+02,1.000000000000000000e+00,3.000000000000000000e+02,3.760000000000000000e+02,1.000000000000000000e+00,2.610000000000000000e+02,3.800000000000000000e+02,1.000000000000000000e+00,2.695676269531250000e+02,5.172390136718750000e+02,0.000000000000000000e+00,-1.928271484375000000e+01,-5.448039245605468750e+01,0.000000000000000000e+00,3.470000000000000000e+02,3.770000000000000000e+02,1.000000000000000000e+00,3.517360229492187500e+02,5.115719604492187500e+02,0.000000000000000000e+00,-1.928271484375000000e+01,-5.448039245605468750e+01,0.000000000000000000e+00,2.910000000000000000e+02,8.800000000000000000e+01,1.000000000000000000e+00,3.170000000000000000e+02,8.800000000000000000e+01,1.000000000000000000e+00,2.680000000000000000e+02,1.030000000000000000e+02,1.000000000000000000e+00,3.320000000000000000e+02,9.900000000000000000e+01,1.000000000000000000e+00,-1.928271484375000000e+01,-5.448039245605468750e+01,0.000000000000000000e+00,-1.928271484375000000e+01,-5.448039245605468750e+01,0.000000000000000000e+00,-1.928271484375000000e+01,-5.448039245605468750e+01,0.000000000000000000e+00,-1.928271484375000000e+01,-5.448039245605468750e+01,0.000000000000000000e+00,-1.928271484375000000e+01,-5.448039245605468750e+01,0.000000000000000000e+00,-1.928271484375000000e+01,-5.448039245605468750e+01,0.000000000000000000e+00
3.060000000000000000e+02,1.020000000000000000e+02,1.000000000000000000e+00,3.090000000000000000e+02,1.800000000000000000e+02,1.000000000000000000e+00,2.500000000000000000e+02,1.840000000000000000e+02,1.000000000000000000e+00,2.020000000000000000e+02,2.840000000000000000e+02,1.000000000000000000e+00,2.520000000000000000e+02,2.980000000000000000e+02,1.000000000000000000e+00,3.660000000000000000e+02,1.740000000000000000e+02,1.000000000000000000e+00,4.610000000000000000e+02,2.190000000000000000e+02,1.000000000000000000e+00,5.450000000000000000e+02,1.710000000000000000e+02,1.000000000000000000e+00,3.000000000000000000e+02,3.760000000000000000e+02,1.000000000000000000e+00,2.590000000000000000e+02,3.800000000000000000e+02,1.000000000000000000e+00,2.694421386718750000e+02,5.172460937500000000e+02,0.000000000000000000e+00,-1.977825927734375000e+01,-5.383750915527343750e+01,0.000000000000000000e+00,3.470000000000000000e+02,3.800000000000000000e+02,1.000000000000000000e+00,3.518998413085937500e+02,5.118384704589843750e+02,0.000000000000000000e+00,-1.977825927734375000e+01,-5.383750915527343750e+01,0.000000000000000000e+00,2.910000000000000000e+02,8.800000000000000000e+01,1.000000000000000000e+00,3.170000000000000000e+02,8.800000000000000000e+01,1.000000000000000000e+00,2.680000000000000000e+02,1.030000000000000000e+02,1.000000000000000000e+00,3.320000000000000000e+02,9.900000000000000000e+01,1.000000000000000000e+00,-1.977825927734375000e+01,-5.383750915527343750e+01,0.000000000000000000e+00,-1.977825927734375000e+01,-5.383750915527343750e+01,0.000000000000000000e+00,-1.977825927734375000e+01,-5.383750915527343750e+01,0.000000000000000000e+00,-1.977825927734375000e+01,-5.383750915527343750e+01,0.000000000000000000e+00,-1.977825927734375000e+01,-5.383750915527343750e+01,0.000000000000000000e+00,-1.977825927734375000e+01,-5.383750915527343750e+01,0.000000000000000000e+00
3.060000000000000000e+02,1.020000000000000000e+02,1.000000000000000000e+00,3.090000000000000000e+02,1.800000000000000000e+02,1.000000000000000000e+00,2.500000000000000000e+02,1.840000000000000000e+02,1.000000000000000000e+00,2.030000000000000000e+02,2.840000000000000000e+02,1.000000000000000000e+00,2.640000000000000000e+02,3.120000000000000000e+02,1.000000000000000000e+00,3.660000000000000000e+02,1.740000000000000000e+02,1.000000000000000000e+00,4.610000000000000000e+02,2.190000000000000000e+02,1.000000000000000000e+00,5.490000000000000000e+02,1.700000000000000000e+02,1.000000000000000000e+00,3.000000000000000000e+02,3.800000000000000000e+02,1.000000000000000000e+00,2.580000000000000000e+02,3.800000000000000000e+02,1.000000000000000000e+00,2.694292297363281250e+02,5.176132812500000000e+02,0.000000000000000000e+00,-1.915395355224609375e+01,-6.595629119873046875e+01,0.000000000000000000e+00,3.450000000000000000e+02,3.800000000000000000e+02,1.000000000000000000e+00,3.519121704101562500e+02,5.113743591308593750e+02,0.000000000000000000e+00,-1.915395355224609375e+01,-6.595629119873046875e+01,0.000000000000000000e+00,2.910000000000000000e+02,8.800000000000000000e+01,1.000000000000000000e+00,3.170000000000000000e+02,8.800000000000000000e+01,1.000000000000000000e+00,2.680000000000000000e+02,1.030000000000000000e+02,1.000000000000000000e+00,3.320000000000000000e+02,9.900000000000000000e+01,1.000000000000000000e+00,-1.915395355224609375e+01,-6.595629119873046875e+01,0.000000000000000000e+00,-1.915395355224609375e+01,-6.595629119873046875e+01,0.000000000000000000e+00,-1.915395355224609375e+01,-6.595629119873046875e+01,0.000000000000000000e+00,-1.915395355224609375e+01,-6.595629119873046875e+01,0.000000000000000000e+00,-1.915395355224609375e+01,-6.595629119873046875e+01,0.000000000000000000e+00,-1.915395355224609375e+01,-6.595629119873046875e+01,0.000000000000000000e+00
3.060000000000000000e+02,1.020000000000000000e+02,1.000000000000000000e+00,3.090000000000000000e+02,1.800000000000000000e+02,1.000000000000000000e+00,2.510000000000000000e+02,1.840000000000000000e+02,1.000000000000000000e+00,2.050000000000000000e+02,2.830000000000000000e+02,1.000000000000000000e+00,2.680000000000000000e+02,3.200000000000000000e+02,1.000000000000000000e+00,3.660000000000000000e+02,1.740000000000000000e+02,1.000000000000000000e+00,4.610000000000000000e+02,2.190000000000000000e+02,1.000000000000000000e+00,5.500000000000000000e+02,1.710000000000000000e+02,1.000000000000000000e+00,3.040000000000000000e+02,3.740000000000000000e+02,1.000000000000000000e+00,2.620000000000000000e+02,3.740000000000000000e+02,1.000000000000000000e+00,2.693904724121093750e+02,5.186894531250000000e+02,0.000000000000000000e+00,-1.910121154785156250e+01,-6.609939575195312500e+01,0.000000000000000000e+00,3.440000000000000000e+02,3.770000000000000000e+02,1.000000000000000000e+00,3.516068115234375000e+02,5.127910766601562500e+02,0.000000000000000000e+00,-1.910121154785156250e+01,-6.609939575195312500e+01,0.000000000000000000e+00,2.910000000000000000e+02,8.800000000000000000e+01,1.000000000000000000e+00,3.170000000000000000e+02,8.800000000000000000e+01,1.000000000000000000e+00,2.680000000000000000e+02,1.030000000000000000e+02,1.000000000000000000e+00,3.320000000000000000e+02,9.900000000000000000e+01,1.000000000000000000e+00,-1.910121154785156250e+01,-6.609939575195312500e+01,0.000000000000000000e+00,-1.910121154785156250e+01,-6.609939575195312500e+01,0.000000000000000000e+00,-1.910121154785156250e+01,-6.609939575195312500e+01,0.000000000000000000e+00,-1.910121154785156250e+01,-6.609939575195312500e+01,0.000000000000000000e+00,-1.910121154785156250e+01,-6.609939575195312500e+01,0.000000000000000000e+00,-1.910121154785156250e+01,-6.609939575195312500e+01,0.000000000000000000e+00
3.060000000000000000e+02,1.010000000000000000e+02,1.000000000000000000e+00,3.090000000000000000e+02,1.800000000000000000e+02,1.000000000000000000e+00,2.520000000000000000e+02,1.840000000000000000e+02,1.000000000000000000e+00,2.060000000000000000e+02,2.820000000000000000e+02,1.000000000000000000e+00,2.660000000000000000e+02,3.190000000000000000e+02,1.000000000000000000e+00,3.660000000000000000e+02,1.740000000000000000e+02,1.000000000000000000e+00,4.610000000000000000e+02,2.190000000000000000e+02,1.000000000000000000e+00,5.500000000000000000e+02,1.710000000000000000e+02,1.000000000000000000e+00,3.040000000000000000e+02,3.800000000000000000e+02,1.000000000000000000e+00,2.600000000000000000e+02,3.800000000000000000e+02,1.000000000000000000e+00,2.694306030273437500e+02,5.188239746093750000e+02,0.000000000000000000e+00,-1.909581184387207031e+01,-6.586697387695312500e+01,0.000000000000000000e+00,3.440000000000000000e+02,3.800000000000000000e+02,1.000000000000000000e+00,3.515215454101562500e+02,5.122977294921875000e+02,0.000000000000000000e+00,-1.909581184387207031e+01,-6.586697387695312500e+01,0.000000000000000000e+00,2.910000000000000000e+02,8.700000000000000000e+01,1.000000000000000000e+00,3.170000000000000000e+02,8.700000000000000000e+01,1.000000000000000000e+00,2.680000000000000000e+02,1.020000000000000000e+02,1.000000000000000000e+00,3.320000000000000000e+02,9.800000000000000000e+01,1.000000000000000000e+00,-1.909581184387207031e+01,-6.586697387695312500e+01,0.000000000000000000e+00,-1.909581184387207031e+01,-6.586697387695312500e+01,0.000000000000000000e+00,-1.909581184387207031e+01,-6.586697387695312500e+01,0.000000000000000000e+00,-1.909581184387207031e+01,-6.586697387695312500e+01,0.000000000000000000e+00,-1.909581184387207031e+01,-6.586697387695312500e+01,0.000000000000000000e+00,-1.909581184387207031e+01,-6.586697387695312500e+01,0.000000000000000000e+00
3.060000000000000000e+02,1.000000000000000000e+02,1.000000000000000000e+00,3.090000000000000000e+02,1.800000000000000000e+02,1.000000000000000000e+00,2.520000000000000000e+02,1.840000000000000000e+02,1.000000000000000000e+00,2.040000000000000000e+02,2.780000000000000000e+02,1.000000000000000000e+00,2.630000000000000000e+02,3.080000000000000000e+02,1.000000000000000000e+00,3.660000000000000000e+02,1.740000000000000000e+02,1.000000000000000000e+00,4.620000000000000000e+02,2.190000000000000000e+02,1.000000000000000000e+00,5.510000000000000000e+02,1.710000000000000000e+02,1.000000000000000000e+00,3.020000000000000000e+02,3.840000000000000000e+02,1.000000000000000000e+00,2.620000000000000000e+02,3.860000000000000000e+02,1.000000000000000000e+00,2.693665771484375000e+02,5.186068725585937500e+02,0.000000000000000000e+00,-1.962898254394531250e+01,-6.591117858886718750e+01,0.000000000000000000e+00,3.440000000000000000e+02,3.800000000000000000e+02,1.000000000000000000e+00,3.519592590332031250e+02,5.109657287597656250e+02,0.000000000000000000e+00,-1.962898254394531250e+01,-6.591117858886718750e+01,0.000000000000000000e+00,2.910000000000000000e+02,8.600000000000000000e+01,1.000000000000000000e+00,3.170000000000000000e+02,8.600000000000000000e+01,1.000000000000000000e+00,2.700000000000000000e+02,1.010000000000000000e+02,1.000000000000000000e+00,3.320000000000000000e+02,9.700000000000000000e+01,1.000000000000000000e+00,-1.962898254394531250e+01,-6.591117858886718750e+01,0.000000000000000000e+00,-1.962898254394531250e+01,-6.591117858886718750e+01,0.000000000000000000e+00,-1.962898254394531250e+01,-6.591117858886718750e+01,0.000000000000000000e+00,-1.962898254394531250e+01,-6.591117858886718750e+01,0.000000000000000000e+00,-1.962898254394531250e+01,-6.591117858886718750e+01,0.000000000000000000e+00,-1.962898254394531250e+01,-6.591117858886718750e+01,0.000000000000000000e+00
3.060000000000000000e+02,9.900000000000000000e+01,1.000000000000000000e+00,3.090000000000000000e+02,1.800000000000000000e+02,1.000000000000000000e+00,2.520000000000000000e+02,1.830000000000000000e+02,1.000000000000000000e+00,2.000000000000000000e+02,2.720000000000000000e+02,1.000000000000000000e+00,2.610000000000000000e+02,2.940000000000000000e+02,1.000000000000000000e+00,3.660000000000000000e+02,1.740000000000000000e+02,1.000000000000000000e+00,4.620000000000000000e+02,2.190000000000000000e+02,1.000000000000000000e+00,5.510000000000000000e+02,1.710000000000000000e+02,1.000000000000000000e+00,3.040000000000000000e+02,3.780000000000000000e+02,1.000000000000000000e+00,2.630000000000000000e+02,3.820000000000000000e+02,1.000000000000000000e+00,2.699020385742187500e+02,5.182182006835937500e+02,0.000000000000000000e+00,-1.940657043457031250e+01,-6.579981994628906250e+01,0.000000000000000000e+00,3.450000000000000000e+02,3.800000000000000000e+02,1.000000000000000000e+00,3.518439941406250000e+02,5.115968017578125000e+02,0.000000000000000000e+00,-1.940657043457031250e+01,-6.579981994628906250e+01,0.000000000000000000e+00,2.910000000000000000e+02,8.500000000000000000e+01,1.000000000000000000e+00,3.170000000000000000e+02,8.500000000000000000e+01,1.000000000000000000e+00,2.700000000000000000e+02,1.000000000000000000e+02,1.000000000000000000e+00,3.320000000000000000e+02,9.600000000000000000e+01,1.000000000000000000e+00,-1.940657043457031250e+01,-6.579981994628906250e+01,0.000000000000000000e+00,-1.940657043457031250e+01,-6.579981994628906250e+01,0.000000000000000000e+00,-1.940657043457031250e+01,-6.579981994628906250e+01,0.000000000000000000e+00,-1.940657043457031250e+01,-6.579981994628906250e+01,0.000000000000000000e+00,-1.940657043457031250e+01,-6.579981994628906250e+01,0.000000000000000000e+00,-1.940657043457031250e+01,-6.579981994628906250e+01,0.000000000000000000e+00
3.060000000000000000e+02,9.800000000000000000e+01,1.000000000000000000e+00,3.090000000000000000e+02,1.800000000000000000e+02,1.000000000000000000e+00,2.490000000000000000e+02,1.830000000000000000e+02,1.000000000000000000e+00,1.970000000000000000e+02,2.670000000000000000e+02,1.000000000000000000e+00,2.620000000000000000e+02,2.760000000000000000e+02,1.000000000000000000e+00,3.660000000000000000e+02,1.740000000000000000e+02,1.000000000000000000e+00,4.620000000000000000e+02,2.180000000000000000e+02,1.000000000000000000e+00,5.510000000000000000e+02,1.700000000000000000e+02,1.000000000000000000e+00,3.040000000000000000e+02,3.760000000000000000e+02,1.000000000000000000e+00,2.620000000000000000e+02,3.740000000000000000e+02,1.000000000000000000e+00,2.698029785156250000e+02,5.178204345703125000e+02,0.000000000000000000e+00,-1.977256774902343750e+01,-6.640551757812500000e+01,0.000000000000000000e+00,3.470000000000000000e+02,3.770000000000000000e+02,1.000000000000000000e+00,3.518258056640625000e+02,5.110513000488281250e+02,0.000000000000000000e+00,-1.977256774902343750e+01,-6.640551757812500000e+01,0.000000000000000000e+00,2.910000000000000000e+02,8.400000000000000000e+01,1.000000000000000000e+00,3.170000000000000000e+02,8.400000000000000000e+01,1.000000000000000000e+00,2.700000000000000000e+02,9.900000000000000000e+01,1.000000000000000000e+00,3.320000000000000000e+02,9.500000000000000000e+01,1.000000000000000000e+00,-1.977256774902343750e+01,-6.640551757812500000e+01,0.000000000000000000e+00,-1.977256774902343750e+01,-6.640551757812500000e+01,0.000000000000000000e+00,-1.977256774902343750e+01,-6.640551757812500000e+01,0.000000000000000000e+00,-1.977256774902343750e+01,-6.640551757812500000e+01,0.000000000000000000e+00,-1.977256774902343750e+01,-6.640551757812500000e+01,0.000000000000000000e+00,-1.977256774902343750e+01,-6.640551757812500000e+01,0.000000000000000000e+00
3.060000000000000000e+02,9.700000000000000000e+01,1.000000000000000000e+00,3.090000000000000000e+02,1.800000000000000000e+02,1.000000000000000000e+00,2.490000000000000000e+02,1.820000000000000000e+02,1.000000000000000000e+00,1.910000000000000000e+02,2.760000000000000000e+02,1.000000000000000000e+00,2.580000000000000000e+02,2.560000000000000000e+02,1.000000000000000000e+00,3.660000000000000000e+02,1.740000000000000000e+02,1.000000000000000000e+00,4.650000000000000000e+02,2.160000000000000000e+02,1.000000000000000000e+00,5.510000000000000000e+02,1.690000000000000000e+02,1.000000000000000000e+00,3.030000000000000000e+02,3.780000000000000000e+02,1.000000000000000000e+00,2.590000000000000000e+02,3.780000000000000000e+02,1.000000000000000000e+00,2.703316650390625000e+02,5.185333862304687500e+02,0.000000000000000000e+00,-1.960615539550781250e+01,-6.638319396972656250e+01,0.000000000000000000e+00,3.470000000000000000e+02,3.770000000000000000e+02,1.000000000000000000e+00,3.520409851074218750e+02,5.109936218261718750e+02,0.000000000000000000e+00,-1.960615539550781250e+01,-6.638319396972656250e+01,0.000000000000000000e+00,2.910000000000000000e+02,8.300000000000000000e+01,1.000000000000000000e+00,3.170000000000000000e+02,8.300000000000000000e+01,1.000000000000000000e+00,2.700000000000000000e+02,9.800000000000000000e+01,1.000000000000000000e+00,3.320000000000000000e+02,9.400000000000000000e+01,1.000000000000000000e+00,-1.960615539550781250e+01,-6.638319396972656250e+01,0.000000000000000000e+00,-1.960615539550781250e+01,-6.638319396972656250e+01,0.000000000000000000e+00,-1.960615539550781250e+01,-6.638319396972656250e+01,0.000000000000000000e+00,-1.960615539550781250e+01,-6.638319396972656250e+01,0.000000000000000000e+00,-1.960615539550781250e+01,-6.638319396972656250e+01,0.000000000000000000e+00,-1.960615539550781250e+01,-6.638319396972656250e+01,0.000000000000000000e+00
3.060000000000000000e+02,9.600000000000000000e+01,1.000000000000000000e+00,3.090000000000000000e+02,1.800000000000000000e+02,1.000000000000000000e+00,2.490000000000000000e+02,1.810000000000000000e+02,1.000000000000000000e+00,1.950000000000000000e+02,2.800000000000000000e+02,1.000000000000000000e+00,2.010000000000000000e+02,2.640000000000000000e+02,1.000000000000000000e+00,3.660000000000000000e+02,1.740000000000000000e+02,1.000000000000000000e+00,4.650000000000000000e+02,2.160000000000000000e+02,1.000000000000000000e+00,5.510000000000000000e+02,1.680000000000000000e+02,1.000000000000000000e+00,3.030000000000000000e+02,3.780000000000000000e+02,1.000000000000000000e+00,2.580000000000000000e+02,3.780000000000000000e+02,1.000000000000000000e+00,2.703299255371093750e+02,5.182192382812500000e+02,0.000000000000000000e+00,-2.045888328552246094e+01,-6.649774932861328125e+01,0.000000000000000000e+00,3.470000000000000000e+02,3.770000000000000000e+02,1.000000000000000000e+00,3.524523315429687500e+02,5.104679260253906250e+02,0.000000000000000000e+00,-2.045888328552246094e+01,-6.649774932861328125e+01,0.000000000000000000e+00,2.930000000000000000e+02,8.500000000000000000e+01,1.000000000000000000e+00,3.170000000000000000e+02,8.300000000000000000e+01,1.000000000000000000e+00,2.700000000000000000e+02,9.700000000000000000e+01,1.000000000000000000e+00,3.320000000000000000e+02,9.400000000000000000e+01,1.000000000000000000e+00,-2.045888328552246094e+01,-6.649774932861328125e+01,0.000000000000000000e+00,-2.045888328552246094e+01,-6.649774932861328125e+01,0.000000000000000000e+00,-2.045888328552246094e+01,-6.649774932861328125e+01,0.000000000000000000e+00,-2.045888328552246094e+01,-6.649774932861328125e+01,0.000000000000000000e+00,-2.045888328552246094e+01,-6.649774932861328125e+01,0.000000000000000000e+00,-2.045888328552246094e+01,-6.649774932861328125e+01,0.000000000000000000e+00
3.060000000000000000e+02,9.600000000000000000e+01,1.000000000000000000e+00,3.090000000000000000e+02,1.800000000000000000e+02,1.000000000000000000e+00,2.490000000000000000e+02,1.800000000000000000e+02,1.000000000000000000e+00,1.940000000000000000e+02,2.790000000000000000e+02,1.000000000000000000e+00,2.000000000000000000e+02,2.570000000000000000e+02,1.000000000000000000e+00,3.660000000000000000e+02,1.740000000000000000e+02,1.000000000000000000e+00,4.650000000000000000e+02,2.160000000000000000e+02,1.000000000000000000e+00,5.500000000000000000e+02,1.680000000000000000e+02,1.000000000000000000e+00,3.030000000000000000e+02,3.780000000000000000e+02,1.000000000000000000e+00,2.580000000000000000e+02,3.780000000000000000e+02,1.000000000000000000e+00,2.707420654296875000e+02,5.193087768554687500e+02,0.000000000000000000e+00,-2.055702209472656250e+01,-6.618411254882812500e+01,0.000000000000000000e+00,3.460000000000000000e+02,3.800000000000000000e+02,1.000000000000000000e+00,3.523955993652343750e+02,5.107142028808593750e+02,0.000000000000000000e+00,-2.055702209472656250e+01,-6.618411254882812500e+01,0.000000000000000000e+00,2.930000000000000000e+02,8.500000000000000000e+01,1.000000000000000000e+00,3.170000000000000000e+02,8.300000000000000000e+01,1.000000000000000000e+00,2.700000000000000000e+02,9.700000000000000000e+01,1.000000000000000000e+00,3.330000000000000000e+02,9.700000000000000000e+01,1.000000000000000000e+00,-2.055702209472656250e+01,-6.618411254882812500e+01,0.000000000000000000e+00,-2.055702209472656250e+01,-6.618411254882812500e+01,0.000000000000000000e+00,-2.055702209472656250e+01,-6.618411254882812500e+01,0.000000000000000000e+00,-2.055702209472656250e+01,-6.618411254882812500e+01,0.000000000000000000e+00,-2.055702209472656250e+01,-6.618411254882812500e+01,0.000000000000000000e+00,-2.055702209472656250e+01,-6.618411254882812500e+01,0.000000000000000000e+00
3.060000000000000000e+02,9.600000000000000000e+01,1.000000000000000000e+00,3.090000000000000000e+02,1.800000000000000000e+02,1.000000000000000000e+00,2.490000000000000000e+02,1.800000000000000000e+02,1.000000000000000000e+00,1.960000000000000000e+02,2.800000000000000000e+02,1.000000000000000000e+00,1.990000000000000000e+02,2.590000000000000000e+02,1.000000000000000000e+00,3.660000000000000000e+02,1.740000000000000000e+02,1.000000000000000000e+00,4.650000000000000000e+02,2.160000000000000000e+02,1.000000000000000000e+00,5.490000000000000000e+02,1.680000000000000000e+02,1.000000000000000000e+00,3.030000000000000000e+02,3.780000000000000000e+02,1.000000000000000000e+00,2.610000000000000000e+02,3.760000000000000000e+02,1.000000000000000000e+00,2.706726379394531250e+02,5.204166259765625000e+02,0.000000000000000000e+00,-2.043812561035156250e+01,-6.621305847167968750e+01,0.000000000000000000e+00,3.460000000000000000e+02,3.800000000000000000e+02,1.000000000000000000e+00,3.524584045410156250e+02,5.110900573730468750e+02,0.000000000000000000e+00,-2.043812561035156250e+01,-6.621305847167968750e+01,0.000000000000000000e+00,2.930000000000000000e+02,8.500000000000000000e+01,1.000000000000000000e+00,3.190000000000000000e+02,8.500000000000000000e+01,1.000000000000000000e+00,2.700000000000000000e+02,9.700000000000000000e+01,1.000000000000000000e+00,3.330000000000000000e+02,9.700000000000000000e+01,1.000000000000000000e+00,-2.043812561035156250e+01,-6.621305847167968750e+01,0.000000000000000000e+00,-2.043812561035156250e+01,-6.621305847167968750e+01,0.000000000000000000e+00,-2.043812561035156250e+01,-6.621305847167968750e+01,0.000000000000000000e+00,-2.043812561035156250e+01,-6.621305847167968750e+01,0.000000000000000000e+00,-2.043812561035156250e+01,-6.621305847167968750e+01,0.000000000000000000e+00,-2.043812561035156250e+01,-6.621305847167968750e+01,0.000000000000000000e+00
3.060000000000000000e+02,9.600000000000000000e+01,1.000000000000000000e+00,3.100000000000000000e+02,1.800000000000000000e+02,1.000000000000000000e+00,2.490000000000000000e+02,1.800000000000000000e+02,1.000000000000000000e+00,1.980000000000000000e+02,2.810000000000000000e+02,1.000000000000000000e+00,2.400000000000000000e+02,2.160000000000000000e+02,1.000000000000000000e+00,3.660000000000000000e+02,1.740000000000000000e+02,1.000000000000000000e+00,4.650000000000000000e+02,2.170000000000000000e+02,1.000000000000000000e+00,5.490000000000000000e+02,1.680000000000000000e+02,1.000000000000000000e+00,3.030000000000000000e+02,3.780000000000000000e+02,1.000000000000000000e+00,2.620000000000000000e+02,3.760000000000000000e+02,1.000000000000000000e+00,2.705968017578125000e+02,5.208605957031250000e+02,0.000000000000000000e+00,-2.043241882324218750e+01,-6.640718078613281250e+01,0.000000000000000000e+00,3.460000000000000000e+02,3.800000000000000000e+02,1.000000000000000000e+00,3.521762695312500000e+02,5.109089965820312500e+02,0.000000000000000000e+00,-2.043241882324218750e+01,-6.640718078613281250e+01,0.000000000000000000e+00,2.930000000000000000e+02,8.500000000000000000e+01,1.000000000000000000e+00,3.190000000000000000e+02,8.500000000000000000e+01,1.000000000000000000e+00,2.730000000000000000e+02,9.700000000000000000e+01,1.000000000000000000e+00,3.340000000000000000e+02,9.700000000000000000e+01,1.000000000000000000e+00,-2.043241882324218750e+01,-6.640718078613281250e+01,0.000000000000000000e+00,-2.043241882324218750e+01,-6.640718078613281250e+01,0.000000000000000000e+00,-2.043241882324218750e+01,-6.640718078613281250e+01,0.000000000000000000e+00,-2.043241882324218750e+01,-6.640718078613281250e+01,0.000000000000000000e+00,-2.043241882324218750e+01,-6.640718078613281250e+01,0.000000000000000000e+00,-2.043241882324218750e+01,-6.640718078613281250e+01,0.000000000000000000e+00
3.060000000000000000e+02,9.600000000000000000e+01,1.000000000000000000e+00,3.080000000000000000e+02,1.790000000000000000e+02,1.000000000000000000e+00,2.490000000000000000e+02,1.800000000000000000e+02,1.000000000000000000e+00,2.020000000000000000e+02,2.850000000000000000e+02,1.000000000000000000e+00,2.480000000000000000e+02,2.130000000000000000e+02,1.000000000000000000e+00,3.660000000000000000e+02,1.750000000000000000e+02,1.000000000000000000e+00,4.650000000000000000e+02,2.180000000000000000e+02,1.000000000000000000e+00,5.480000000000000000e+02,1.690000000000000000e+02,1.000000000000000000e+00,3.020000000000000000e+02,3.780000000000000000e+02,1.000000000000000000e+00,2.630000000000000000e+02,3.770000000000000000e+02,1.000000000000000000e+00,2.706517028808593750e+02,5.219653930664062500e+02,0.000000000000000000e+00,-2.093894958496093750e+01,-6.666246032714843750e+01,0.000000000000000000e+00,3.460000000000000000e+02,3.800000000000000000e+02,1.000000000000000000e+00,3.521572570800781250e+02,5.115532226562500000e+02,0.000000000000000000e+00,-2.093894958496093750e+01,-6.666246032714843750e+01,0.000000000000000000e+00,2.930000000000000000e+02,8.500000000000000000e+01,1.000000000000000000e+00,3.190000000000000000e+02,8.500000000000000000e+01,1.000000000000000000e+00,2.730000000000000000e+02,9.700000000000000000e+01,1.000000000000000000e+00,3.340000000000000000e+02,9.700000000000000000e+01,1.000000000000000000e+00,-2.093894958496093750e+01,-6.666246032714843750e+01,0.000000000000000000e+00,-2.093894958496093750e+01,-6.666246032714843750e+01,0.000000000000000000e+00,-2.093894958496093750e+01,-6.666246032714843750e+01,0.000000000000000000e+00,-2.093894958496093750e+01,-6.666246032714843750e+01,0.000000000000000000e+00,-2.093894958496093750e+01,-6.666246032714843750e+01,0.000000000000000000e+00,-2.093894958496093750e+01,-6.666246032714843750e+01,0.000000000000000000e+00
3.060000000000000000e+02,9.600000000000000000e+01,1.000000000000000000e+00,3.080000000000000000e+02,1.790000000000000000e+02,1.000000000000000000e+00,2.480000000000000000e+02,1.800000000000000000e+02,1.000000000000000000e+00,2.060000000000000000e+02,2.900000000000000000e+02,1.000000000000000000e+00,2.480000000000000000e+02,2.170000000000000000e+02,1.000000000000000000e+00,3.660000000000000000e+02,1.760000000000000000e+02,1.000000000000000000e+00,4.650000000000000000e+02,2.190000000000000000e+02,1.000000000000000000e+00,5.480000000000000000e+02,1.700000000000000000e+02,1.000000000000000000e+00,3.020000000000000000e+02,3.780000000000000000e+02,1.000000000000000000e+00,2.650000000000000000e+02,3.790000000000000000e+02,1.000000000000000000e+00,2.704344482421875000e+02,5.232638549804687500e+02,0.000000000000000000e+00,-2.114166259765625000e+01,-6.684617614746093750e+01,0.000000000000000000e+00,3.460000000000000000e+02,3.800000000000000000e+02,1.000000000000000000e+00,3.518005981445312500e+02,5.116118774414062500e+02,0.000000000000000000e+00,-2.114166259765625000e+01,-6.684617614746093750e+01,0.000000000000000000e+00,2.930000000000000000e+02,8.500000000000000000e+01,1.000000000000000000e+00,3.190000000000000000e+02,8.500000000000000000e+01,1.000000000000000000e+00,2.730000000000000000e+02,9.800000000000000000e+01,1.000000000000000000e+00,3.340000000000000000e+02,9.700000000000000000e+01,1.000000000000000000e+00,-2.114166259765625000e+01,-6.684617614746093750e+01,0.000000000000000000e+00,-2.114166259765625000e+01,-6.684617614746093750e+01,0.000000000000000000e+00,-2.114166259765625000e+01,-6.684617614746093750e+01,0.000000000000000000e+00,-2.114166259765625000e+01,-6.684617614746093750e+01,0.000000000000000000e+00,-2.114166259765625000e+01,-6.684617614746093750e+01,0.000000000000000000e+00,-2.114166259765625000e+01,-6.684617614746093750e+01,0.000000000000000000e+00
3.060000000000000000e+02,9.600000000000000000e+01,1.000000000000000000e+00,3.080000000000000000e+02,1.790000000000000000e+02,1.000000000000000000e+00,2.470000000000000000e+02,1.810000000000000000e+02,1.000000000000000000e+00,2.100000000000000000e+02,2.950000000000000000e+02,1.000000000000000000e+00,2.510000000000000000e+02,2.310000000000000000e+02,1.000000000000000000e+00,3.660000000000000000e+02,1.760000000000000000e+02,1.000000000000000000e+00,4.650000000000000000e+02,2.200000000000000000e+02,1.000000000000000000e+00,5.480000000000000000e+02,1.710000000000000000e+02,1.000000000000000000e+00,3.020000000000000000e+02,3.780000000000000000e+02,1.000000000000000000e+00,2.580000000000000000e+02,3.800000000000000000e+02,1.000000000000000000e+00,2.701441650390625000e+02,5.241479492187500000e+02,0.000000000000000000e+00,-2.056986999511718750e+01,-6.750915527343750000e+01,0.000000000000000000e+00,3.450000000000000000e+02,3.800000000000000000e+02,1.000000000000000000e+00,3.516430969238281250e+02,5.127751464843750000e+02,0.000000000000000000e+00,-2.056986999511718750e+01,-6.750915527343750000e+01,0.000000000000000000e+00,2.930000000000000000e+02,8.500000000000000000e+01,1.000000000000000000e+00,3.190000000000000000e+02,8.500000000000000000e+01,1.000000000000000000e+00,2.740000000000000000e+02,9.800000000000000000e+01,1.000000000000000000e+00,3.340000000000000000e+02,9.700000000000000000e+01,1.000000000000000000e+00,-2.056986999511718750e+01,-6.750915527343750000e+01,0.000000000000000000e+00,-2.056986999511718750e+01,-6.750915527343750000e+01,0.000000000000000000e+00,-2.056986999511718750e+01,-6.750915527343750000e+01,0.000000000000000000e+00,-2.056986999511718750e+01,-6.750915527343750000e+01,0.000000000000000000e+00,-2.056986999511718750e+01,-6.750915527343750000e+01,0.000000000000000000e+00,-2.056986999511718750e+01,-6.750915527343750000e+01,0.000000000000000000e+00
3.080000000000000000e+02,9.800000000000000000e+01,1.000000000000000000e+00,3.080000000000000000e+02,1.790000000000000000e+02,1.000000000000000000e+00,2.470000000000000000e+02,1.820000000000000000e+02,1.000000000000000000e+00,2.140000000000000000e+02,2.970000000000000000e+02,1.000000000000000000e+00,2.590000000000000000e+02,2.450000000000000000e+02,1.000000000000000000e+00,3.660000000000000000e+02,1.760000000000000000e+02,1.000000000000000000e+00,4.630000000000000000e+02,2.200000000000000000e+02,1.000000000000000000e+00,5.480000000000000000e+02,1.720000000000000000e+02,1.000000000000000000e+00,3.020000000000000000e+02,3.780000000000000000e+02,1.000000000000000000e+00,2.580000000000000000e+02,3.800000000000000000e+02,1.000000000000000000e+00,2.699924926757812500e+02,5.244760742187500000e+02,0.000000000000000000e+00,-2.114208984375000000e+01,-6.685163879394531250e+01,0.000000000000000000e+00,3.450000000000000000e+02,3.800000000000000000e+02,1.000000000000000000e+00,3.514698181152343750e+02,5.137153320312500000e+02,0.000000000000000000e+00,-2.114208984375000000e+01,-6.685163879394531250e+01,0.000000000000000000e+00,2.930000000000000000e+02,8.500000000000000000e+01,1.000000000000000000e+00,3.190000000000000000e+02,8.500000000000000000e+01,1.000000000000000000e+00,2.740000000000000000e+02,9.800000000000000000e+01,1.000000000000000000e+00,3.340000000000000000e+02,9.700000000000000000e+01,1.000000000000000000e+00,-2.114208984375000000e+01,-6.685163879394531250e+01,0.000000000000000000e+00,-2.114208984375000000e+01,-6.685163879394531250e+01,0.000000000000000000e+00,-2.114208984375000000e+01,-6.685163879394531250e+01,0.000000000000000000e+00,-2.114208984375000000e+01,-6.685163879394531250e+01,0.000000000000000000e+00,-2.114208984375000000e+01,-6.685163879394531250e+01,0.000000000000000000e+00,-2.114208984375000000e+01,-6.685163879394531250e+01,0.000000000000000000e+00
3.080000000000000000e+02,9.800000000000000000e+01,1.000000000000000000e+00,3.080000000000000000e+02,1.790000000000000000e+02,1.000000000000000000e+00,2.470000000000000000e+02,1.820000000000000000e+02,1.000000000000000000e+00,2.080000000000000000e+02,2.920000000000000000e+02,1.000000000000000000e+00,2.560000000000000000e+02,2.660000000000000000e+02,1.000000000000000000e+00,3.660000000000000000e+02,1.760000000000000000e+02,1.000000000000000000e+00,4.630000000000000000e+02,2.200000000000000000e+02,1.000000000000000000e+00,5.510000000000000000e+02,1.710000000000000000e+02,1.000000000000000000e+00,3.020000000000000000e+02,3.780000000000000000e+02,1.000000000000000000e+00,2.560000000000000000e+02,3.800000000000000000e+02,1.000000000000000000e+00,2.699748535156250000e+02,5.249694824218750000e+02,0.000000000000000000e+00,-2.184780883789062500e+01,-6.768225097656250000e+01,0.000000000000000000e+00,3.450000000000000000e+02,3.800000000000000000e+02,1.000000000000000000e+00,3.515836486816406250e+02,5.141345825195312500e+02,0.000000000000000000e+00,-2.184780883789062500e+01,-6.768225097656250000e+01,0.000000000000000000e+00,2.930000000000000000e+02,8.500000000000000000e+01,1.000000000000000000e+00,3.190000000000000000e+02,8.500000000000000000e+01,1.000000000000000000e+00,2.740000000000000000e+02,9.800000000000000000e+01,1.000000000000000000e+00,3.370000000000000000e+02,9.800000000000000000e+01,1.000000000000000000e+00,-2.184780883789062500e+01,-6.768225097656250000e+01,0.000000000000000000e+00,-2.184780883789062500e+01,-6.768225097656250000e+01,0.000000000000000000e+00,-2.184780883789062500e+01,-6.768225097656250000e+01,0.000000000000000000e+00,-2.184780883789062500e+01,-6.768225097656250000e+01,0.000000000000000000e+00,-2.184780883789062500e+01,-6.768225097656250000e+01,0.000000000000000000e+00,-2.184780883789062500e+01,-6.768225097656250000e+01,0.000000000000000000e+00
3.080000000000000000e+02,9.800000000000000000e+01,1.000000000000000000e+00,3.080000000000000000e+02,1.790000000000000000e+02,1.000000000000000000e+00,2.470000000000000000e+02,1.820000000000000000e+02,1.000000000000000000e+00,2.030000000000000000e+02,2.820000000000000000e+02,1.000000000000000000e+00,2.620000000000000000e+02,2.810000000000000000e+02,1.000000000000000000e+00,3.670000000000000000e+02,1.790000000000000000e+02,1.000000000000000000e+00,4.640000000000000000e+02,2.200000000000000000e+02,1.000000000000000000e+00,5.520000000000000000e+02,1.720000000000000000e+02,1.000000000000000000e+00,3.000000000000000000e+02,3.810000000000000000e+02,1.000000000000000000e+00,2.570000000000000000e+02,3.830000000000000000e+02,1.000000000000000000e+00,2.697947692871093750e+02,5.256596069335937500e+02,0.000000000000000000e+00,-2.206915283203125000e+01,-6.767945861816406250e+01,0.000000000000000000e+00,3.450000000000000000e+02,3.800000000000000000e+02,1.000000000000000000e+00,3.513816833496093750e+02,5.147071533203125000e+02,0.000000000000000000e+00,-2.206915283203125000e+01,-6.767945861816406250e+01,0.000000000000000000e+00,2.930000000000000000e+02,8.500000000000000000e+01,1.000000000000000000e+00,3.190000000000000000e+02,8.500000000000000000e+01,1.000000000000000000e+00,2.740000000000000000e+02,9.800000000000000000e+01,1.000000000000000000e+00,3.370000000000000000e+02,9.800000000000000000e+01,1.000000000000000000e+00,-2.206915283203125000e+01,-6.767945861816406250e+01,0.000000000000000000e+00,-2.206915283203125000e+01,-6.767945861816406250e+01,0.000000000000000000e+00,-2.206915283203125000e+01,-6.767945861816406250e+01,0.000000000000000000e+00,-2.206915283203125000e+01,-6.767945861816406250e+01,0.000000000000000000e+00,-2.206915283203125000e+01,-6.767945861816406250e+01,0.000000000000000000e+00,-2.206915283203125000e+01,-6.767945861816406250e+01,0.000000000000000000e+00
3.080000000000000000e+02,9.800000000000000000e+01,1.000000000000000000e+00,3.080000000000000000e+02,1.790000000000000000e+02,1.000000000000000000e+00,2.470000000000000000e+02,1.820000000000000000e+02,1.000000000000000000e+00,2.030000000000000000e+02,2.810000000000000000e+02,1.000000000000000000e+00,2.640000000000000000e+02,2.920000000000000000e+02,1.000000000000000000e+00,3.670000000000000000e+02,1.790000000000000000e+02,1.000000000000000000e+00,4.650000000000000000e+02,2.190000000000000000e+02,1.000000000000000000e+00,5.530000000000000000e+02,1.720000000000000000e+02,1.000000000000000000e+00,3.010000000000000000e+02,3.810000000000000000e+02,1.000000000000000000e+00,2.570000000000000000e+02,3.820000000000000000e+02,1.000000000000000000e+00,2.696201477050781250e+02,5.243074951171875000e+02,0.000000000000000000e+00,-2.246443176269531250e+01,-6.843818664550781250e+01,0.000000000000000000e+00,3.460000000000000000e+02,3.800000000000000000e+02,1.000000000000000000e+00,3.515169982910156250e+02,5.139025268554687500e+02,0.000000000000000000e+00,-2.246443176269531250e+01,-6.843818664550781250e+01,0.000000000000000000e+00,2.930000000000000000e+02,8.500000000000000000e+01,1.000000000000000000e+00,3.190000000000000000e+02,8.500000000000000000e+01,1.000000000000000000e+00,2.740000000000000000e+02,9.800000000000000000e+01,1.000000000000000000e+00,3.370000000000000000e+02,9.800000000000000000e+01,1.000000000000000000e+00,-2.246443176269531250e+01,-6.843818664550781250e+01,0.000000000000000000e+00,-2.246443176269531250e+01,-6.843818664550781250e+01,0.000000000000000000e+00,-2.246443176269531250e+01,-6.843818664550781250e+01,0.000000000000000000e+00,-2.246443176269531250e+01,-6.843818664550781250e+01,0.000000000000000000e+00,-2.246443176269531250e+01,-6.843818664550781250e+01,0.000000000000000000e+00,-2.246443176269531250e+01,-6.843818664550781250e+01,0.000000000000000000e+00
3.080000000000000000e+02,9.800000000000000000e+01,1.000000000000000000e+00,3.080000000000000000e+02,1.790000000000000000e+02,1.000000000000000000e+00,2.480000000000000000e+02,1.820000000000000000e+02,1.000000000000000000e+00,2.030000000000000000e+02,2.780000000000000000e+02,1.000000000000000000e+00,2.680000000000000000e+02,2.960000000000000000e+02,1.000000000000000000e+00,3.670000000000000000e+02,1.790000000000000000e+02,1.000000000000000000e+00,4.650000000000000000e+02,2.180000000000000000e+02,1.000000000000000000e+00,5.530000000000000000e+02,1.710000000000000000e+02,1.000000000000000000e+00,3.030000000000000000e+02,3.800000000000000000e+02,1.000000000000000000e+00,2.600000000000000000e+02,3.800000000000000000e+02,1.000000000000000000e+00,2.694966430664062500e+02,5.232204589843750000e+02,0.000000000000000000e+00,-2.254530334472656250e+01,-6.798764038085937500e+01,0.000000000000000000e+00,3.420000000000000000e+02,3.800000000000000000e+02,1.000000000000000000e+00,3.514355468750000000e+02,5.138403930664062500e+02,0.000000000000000000e+00,-2.254530334472656250e+01,-6.798764038085937500e+01,0.000000000000000000e+00,2.930000000000000000e+02,8.500000000000000000e+01,1.000000000000000000e+00,3.190000000000000000e+02,8.500000000000000000e+01,1.000000000000000000e+00,2.740000000000000000e+02,9.800000000000000000e+01,1.000000000000000000e+00,3.370000000000000000e+02,9.800000000000000000e+01,1.000000000000000000e+00,-2.254530334472656250e+01,-6.798764038085937500e+01,0.000000000000000000e+00,-2.254530334472656250e+01,-6.798764038085937500e+01,0.000000000000000000e+00,-2.254530334472656250e+01,-6.798764038085937500e+01,0.000000000000000000e+00,-2.254530334472656250e+01,-6.798764038085937500e+01,0.000000000000000000e+00,-2.254530334472656250e+01,-6.798764038085937500e+01,0.000000000000000000e+00,-2.254530334472656250e+01,-6.798764038085937500e+01,0.000000000000000000e+00
3.080000000000000000e+02,9.800000000000000000e+01,1.000000000000000000e+00,3.080000000000000000e+02,1.790000000000000000e+02,1.000000000000000000e+00,2.490000000000000000e+02,1.810000000000000000e+02,1.000000000000000000e+00,2.050000000000000000e+02,2.770000000000000000e+02,1.000000000000000000e+00,2.670000000000000000e+02,2.980000000000000000e+02,1.000000000000000000e+00,3.670000000000000000e+02,1.790000000000000000e+02,1.000000000000000000e+00,4.660000000000000000e+02,2.170000000000000000e+02,1.000000000000000000e+00,5.500000000000000000e+02,1.720000000000000000e+02,1.000000000000000000e+00,3.020000000000000000e+02,3.800000000000000000e+02,1.000000000000000000e+00,2.600000000000000000e+02,3.790000000000000000e+02,1.000000000000000000e+00,2.696983947753906250e+02,5.237503662109375000e+02,0.000000000000000000e+00,-2.286569213867187500e+01,-6.791262817382812500e+01,0.000000000000000000e+00,3.440000000000000000e+02,3.800000000000000000e+02,1.000000000000000000e+00,3.515102233886718750e+02,5.138446655273437500e+02,0.000000000000000000e+00,-2.286569213867187500e+01,-6.791262817382812500e+01,0.000000000000000000e+00,2.930000000000000000e+02,8.500000000000000000e+01,1.000000000000000000e+00,3.190000000000000000e+02,8.500000000000000000e+01,1.000000000000000000e+00,2.740000000000000000e+02,9.800000000000000000e+01,1.000000000000000000e+00,3.370000000000000000e+02,9.800000000000000000e+01,1.000000000000000000e+00,-2.286569213867187500e+01,-6.791262817382812500e+01,0.000000000000000000e+00,-2.286569213867187500e+01,-6.791262817382812500e+01,0.000000000000000000e+00,-2.286569213867187500e+01,-6.791262817382812500e+01,0.000000000000000000e+00,-2.286569213867187500e+01,-6.791262817382812500e+01,0.000000000000000000e+00,-2.286569213867187500e+01,-6.791262817382812500e+01,0.000000000000000000e+00,-2.286569213867187500e+01,-6.791262817382812500e+01,0.000000000000000000e+00
3.080000000000000000e+02,9.800000000000000000e+01,1.000000000000000000e+00,3.080000000000000000e+02,1.790000000000000000e+02,1.000000000000000000e+00,2.490000000000000000e+02,1.810000000000000000e+02,1.000000000000000000e+00,2.040000000000000000e+02,2.750000000000000000e+02,1.000000000000000000e+00,2.600000000000000000e+02,2.920000000000000000e+02,1.000000000000000000e+00,3.670000000000000000e+02,1.790000000000000000e+02,1.000000000000000000e+00,4.660000000000000000e+02,2.160000000000000000e+02,1.000000000000000000e+00,5.500000000000000000e+02,1.710000000000000000e+02,1.000000000000000000e+00,3.030000000000000000e+02,3.800000000000000000e+02,1.000000000000000000e+00,2.620000000000000000e+02,3.820000000000000000e+02,1.000000000000000000e+00,2.698784179687500000e+02,5.238597412109375000e+02,0.000000000000000000e+00,-2.323547363281250000e+01,-6.824114990234375000e+01,0.000000000000000000e+00,3.440000000000000000e+02,3.800000000000000000e+02,1.000000000000000000e+00,3.511314086914062500e+02,5.136403198242187500e+02,0.000000000000000000e+00,-2.323547363281250000e+01,-6.824114990234375000e+01,0.000000000000000000e+00,2.930000000000000000e+02,8.500000000000000000e+01,1.000000000000000000e+00,3.190000000000000000e+02,8.500000000000000000e+01,1.000000000000000000e+00,2.740000000000000000e+02,9.800000000000000000e+01,1.000000000000000000e+00,3.370000000000000000e+02,9.800000000000000000e+01,1.000000000000000000e+00,-2.323547363281250000e+01,-6.824114990234375000e+01,0.000000000000000000e+00,-2.323547363281250000e+01,-6.824114990234375000e+01,0.000000000000000000e+00,-2.323547363281250000e+01,-6.824114990234375000e+01,0.000000000000000000e+00,-2.323547363281250000e+01,-6.824114990234375000e+01,0.000000000000000000e+00,-2.323547363281250000e+01,-6.824114990234375000e+01,0.000000000000000000e+00,-2.323547363281250000e+01,-6.824114990234375000e+01,0.000000000000000000e+00
3.080000000000000000e+02,9.800000000000000000e+01,1.000000000000000000e+00,3.080000000000000000e+02,1.790000000000000000e+02,1.000000000000000000e+00,2.490000000000000000e+02,1.810000000000000000e+02,1.000000000000000000e+00,2.010000000000000000e+02,2.730000000000000000e+02,1.000000000000000000e+00,2.570000000000000000e+02,2.840000000000000000e+02,1.000000000000000000e+00,3.670000000000000000e+02,1.790000000000000000e+02,1.000000000000000000e+00,4.660000000000000000e+02,2.150000000000000000e+02,1.000000000000000000e+00,5.500000000000000000e+02,1.700000000000000000e+02,1.000000000000000000e+00,3.000000000000000000e+02,3.760000000000000000e+02,1.000000000000000000e+00,2.600000000000000000e+02,3.760000000000000000e+02,1.000000000000000000e+00,2.700066223144531250e+02,5.247596435546875000e+02,0.000000000000000000e+00,-2.312623596191406250e+01,-6.847799682617187500e+01,0.000000000000000000e+00,3.450000000000000000e+02,3.800000000000000000e+02,1.000000000000000000e+00,3.515225524902343750e+02,5.134327392578125000e+02,0.000000000000000000e+00,-2.312623596191406250e+01,-6.847799682617187500e+01,0.000000000000000000e+00,2.930000000000000000e+02,8.500000000000000000e+01,1.000000000000000000e+00,3.190000000000000000e+02,8.500000000000000000e+01,1.000000000000000000e+00,2.740000000000000000e+02,9.800000000000000000e+01,1.000000000000000000e+00,3.370000000000000000e+02,9.800000000000000000e+01,1.000000000000000000e+00,-2.312623596191406250e+01,-6.847799682617187500e+01,0.000000000000000000e+00,-2.312623596191406250e+01,-6.847799682617187500e+01,0.000000000000000000e+00,-2.312623596191406250e+01,-6.847799682617187500e+01,0.000000000000000000e+00,-2.312623596191406250e+01,-6.847799682617187500e+01,0.000000000000000000e+00,-2.312623596191406250e+01,-6.847799682617187500e+01,0.000000000000000000e+00,-2.312623596191406250e+01,-6.847799682617187500e+01,0.000000000000000000e+00
3.080000000000000000e+02,9.800000000000000000e+01,1.000000000000000000e+00,3.080000000000000000e+02,1.790000000000000000e+02,1.000000000000000000e+00,2.490000000000000000e+02,1.810000000000000000e+02,1.000000000000000000e+00,1.990000000000000000e+02,2.740000000000000000e+02,1.000000000000000000e+00,2.530000000000000000e+02,2.720000000000000000e+02,1.000000000000000000e+00,3.670000000000000000e+02,1.790000000000000000e+02,1.000000000000000000e+00,4.660000000000000000e+02,2.150000000000000000e+02,1.000000000000000000e+00,5.500000000000000000e+02,1.690000000000000000e+02,1.000000000000000000e+00,3.000000000000000000e+02,3.760000000000000000e+02,1.000000000000000000e+00,2.590000000000000000e+02,3.760000000000000000e+02,1.000000000000000000e+00,2.703233642578125000e+02,5.249228515625000000e+02,0.000000000000000000e+00,-2.292886352539062500e+01,-6.843928527832031250e+01,0.000000000000000000e+00,3.460000000000000000e+02,3.800000000000000000e+02,1.000000000000000000e+00,3.515917663574218750e+02,5.135614624023437500e+02,0.000000000000000000e+00,-2.292886352539062500e+01,-6.843928527832031250e+01,0.000000000000000000e+00,2.930000000000000000e+02,8.500000000000000000e+01,1.000000000000000000e+00,3.190000000000000000e+02,8.500000000000000000e+01,1.000000000000000000e+00,2.740000000000000000e+02,9.800000000000000000e+01,1.000000000000000000e+00,3.370000000000000000e+02,9.800000000000000000e+01,1.000000000000000000e+00,-2.292886352539062500e+01,-6.843928527832031250e+01,0.000000000000000000e+00,-2.292886352539062500e+01,-6.843928527832031250e+01,0.000000000000000000e+00,-2.292886352539062500e+01,-6.843928527832031250e+01,0.000000000000000000e+00,-2.292886352539062500e+01,-6.843928527832031250e+01,0.000000000000000000e+00,-2.292886352539062500e+01,-6.843928527832031250e+01,0.000000000000000000e+00,-2.292886352539062500e+01,-6.843928527832031250e+01,0.000000000000000000e+00
3.080000000000000000e+02,9.800000000000000000e+01,1.000000000000000000e+00,3.080000000000000000e+02,1.790000000000000000e+02,1.000000000000000000e+00,2.490000000000000000e+02,1.810000000000000000e+02,1.000000000000000000e+00,1.990000000000000000e+02,2.740000000000000000e+02,1.000000000000000000e+00,2.520000000000000000e+02,2.580000000000000000e+02,1.000000000000000000e+00,3.670000000000000000e+02,1.790000000000000000e+02,1.000000000000000000e+00,4.660000000000000000e+02,2.150000000000000000e+02,1.000000000000000000e+00,5.500000000000000000e+02,1.690000000000000000e+02,1.000000000000000000e+00,3.030000000000000000e+02,3.760000000000000000e+02,1.000000000000000000e+00,2.590000000000000000e+02,3.760000000000000000e+02,1.000000000000000000e+00,2.706155700683593750e+02,5.253847656250000000e+02,0.000000000000000000e+00,-2.245787048339843750e+01,-6.873081970214843750e+01,0.000000000000000000e+00,3.450000000000000000e+02,3.800000000000000000e+02,1.000000000000000000e+00,3.517187194824218750e+02,5.132039794921875000e+02,0.000000000000000000e+00,-2.245787048339843750e+01,-6.873081970214843750e+01,0.000000000000000000e+00,2.930000000000000000e+02,8.500000000000000000e+01,1.000000000000000000e+00,3.190000000000000000e+02,8.500000000000000000e+01,1.000000000000000000e+00,2.740000000000000000e+02,9.800000000000000000e+01,1.000000000000000000e+00,3.370000000000000000e+02,9.800000000000000000e+01,1.000000000000000000e+00,-2.245787048339843750e+01,-6.873081970214843750e+01,0.000000000000000000e+00,-2.245787048339843750e+01,-6.873081970214843750e+01,0.000000000000000000e+00,-2.245787048339843750e+01,-6.873081970214843750e+01,0.000000000000000000e+00,-2.245787048339843750e+01,-6.873081970214843750e+01,0.000000000000000000e+00,-2.245787048339843750e+01,-6.873081970214843750e+01,0.000000000000000000e+00,-2.245787048339843750e+01,-6.873081970214843750e+01,0.000000000000000000e+00
3.080000000000000000e+02,9.800000000000000000e+01,1.000000000000000000e+00,3.080000000000000000e+02,1.790000000000000000e+02,1.000000000000000000e+00,2.480000000000000000e+02,1.810000000000000000e+02,1.000000000000000000e+00,1.990000000000000000e+02,2.840000000000000000e+02,1.000000000000000000e+00,2.500000000000000000e+02,2.450000000000000000e+02,1.000000000000000000e+00,3.670000000000000000e+02,1.760000000000000000e+02,1.000000000000000000e+00,4.660000000000000000e+02,2.150000000000000000e+02,1.000000000000000000e+00,5.500000000000000000e+02,1.690000000000000000e+02,1.000000000000000000e+00,3.040000000000000000e+02,3.760000000000000000e+02,1.000000000000000000e+00,2.590000000000000000e+02,3.760000000000000000e+02,1.000000000000000000e+00,2.707230834960937500e+02,5.253929443359375000e+02,0.000000000000000000e+00,-2.227999877929687500e+01,-6.871569824218750000e+01,0.000000000000000000e+00,3.450000000000000000e+02,3.800000000000000000e+02,1.000000000000000000e+00,3.519304809570312500e+02,5.122915039062500000e+02,0.000000000000000000e+00,-2.227999877929687500e+01,-6.871569824218750000e+01,0.000000000000000000e+00,2.930000000000000000e+02,8.500000000000000000e+01,1.000000000000000000e+00,3.190000000000000000e+02,8.500000000000000000e+01,1.000000000000000000e+00,2.740000000000000000e+02,9.800000000000000000e+01,1.000000000000000000e+00,3.370000000000000000e+02,9.800000000000000000e+01,1.000000000000000000e+00,-2.227999877929687500e+01,-6.871569824218750000e+01,0.000000000000000000e+00,-2.227999877929687500e+01,-6.871569824218750000e+01,0.000000000000000000e+00,-2.227999877929687500e+01,-6.871569824218750000e+01,0.000000000000000000e+00,-2.227999877929687500e+01,-6.871569824218750000e+01,0.000000000000000000e+00,-2.227999877929687500e+01,-6.871569824218750000e+01,0.000000000000000000e+00,-2.227999877929687500e+01,-6.871569824218750000e+01,0.000000000000000000e+00
3.080000000000000000e+02,9.800000000000000000e+01,1.000000000000000000e+00,3.080000000000000000e+02,1.790000000000000000e+02,1.000000000000000000e+00,2.480000000000000000e+02,1.810000000000000000e+02,1.000000000000000000e+00,2.030000000000000000e+02,2.920000000000000000e+02,1.000000000000000000e+00,2.010000000000000000e+02,2.760000000000000000e+02,1.000000000000000000e+00,3.670000000000000000e+02,1.760000000000000000e+02,1.000000000000000000e+00,4.660000000000000000e+02,2.150000000000000000e+02,1.000000000000000000e+00,5.500000000000000000e+02,1.690000000000000000e+02,1.000000000000000000e+00,3.020000000000000000e+02,3.790000000000000000e+02,1.000000000000000000e+00,2.590000000000000000e+02,3.790000000000000000e+02,1.000000000000000000e+00,2.709112548828125000e+02,5.263424072265625000e+02,0.000000000000000000e+00,-2.247546386718750000e+01,-6.875181579589843750e+01,0.000000000000000000e+00,3.440000000000000000e+02,3.800000000000000000e+02,1.000000000000000000e+00,3.522611694335937500e+02,5.122656250000000000e+02,0.000000000000000000e+00,-2.247546386718750000e+01,-6.875181579589843750e+01,0.000000000000000000e+00,2.930000000000000000e+02,8.500000000000000000e+01,1.000000000000000000e+00,3.190000000000000000e+02,8.500000000000000000e+01,1.000000000000000000e+00,2.740000000000000000e+02,9.800000000000000000e+01,1.000000000000000000e+00,3.370000000000000000e+02,9.800000000000000000e+01,1.000000000000000000e+00,-2.247546386718750000e+01,-6.875181579589843750e+01,0.000000000000000000e+00,-2.247546386718750000e+01,-6.875181579589843750e+01,0.000000000000000000e+00,-2.247546386718750000e+01,-6.875181579589843750e+01,0.000000000000000000e+00,-2.247546386718750000e+01,-6.875181579589843750e+01,0.000000000000000000e+00,-2.247546386718750000e+01,-6.875181579589843750e+01,0.000000000000000000e+00,-2.247546386718750000e+01,-6.875181579589843750e+01,0.000000000000000000e+00
3.080000000000000000e+02,9.900000000000000000e+01,1.000000000000000000e+00,3.080000000000000000e+02,1.790000000000000000e+02,1.000000000000000000e+00,2.480000000000000000e+02,1.810000000000000000e+02,1.000000000000000000e+00,2.040000000000000000e+02,2.910000000000000000e+02,1.000000000000000000e+00,2.010000000000000000e+02,2.750000000000000000e+02,1.000000000000000000e+00,3.670000000000000000e+02,1.760000000000000000e+02,1.000000000000000000e+00,4.660000000000000000e+02,2.150000000000000000e+02,1.000000000000000000e+00,5.500000000000000000e+02,1.690000000000000000e+02,1.000000000000000000e+00,3.020000000000000000e+02,3.790000000000000000e+02,1.000000000000000000e+00,2.600000000000000000e+02,3.790000000000000000e+02,1.000000000000000000e+00,2.708460388183593750e+02,5.266213989257812500e+02,0.000000000000000000e+00,-2.316625976562500000e+01,-6.825736999511718750e+01,0.000000000000000000e+00,3.440000000000000000e+02,3.800000000000000000e+02,1.000000000000000000e+00,3.521632995605468750e+02,5.125380859375000000e+02,0.000000000000000000e+00,-2.316625976562500000e+01,-6.825736999511718750e+01,0.000000000000000000e+00,2.930000000000000000e+02,8.600000000000000000e+01,1.000000000000000000e+00,3.190000000000000000e+02,8.600000000000000000e+01,1.000000000000000000e+00,2.740000000000000000e+02,9.800000000000000000e+01,1.000000000000000000e+00,3.370000000000000000e+02,9.900000000000000000e+01,1.000000000000000000e+00,-2.316625976562500000e+01,-6.825736999511718750e+01,0.000000000000000000e+00,-2.316625976562500000e+01,-6.825736999511718750e+01,0.000000000000000000e+00,-2.316625976562500000e+01,-6.825736999511718750e+01,0.000000000000000000e+00,-2.316625976562500000e+01,-6.825736999511718750e+01,0.000000000000000000e+00,-2.316625976562500000e+01,-6.825736999511718750e+01,0.000000000000000000e+00,-2.316625976562500000e+01,-6.825736999511718750e+01,0.000000000000000000e+00
3.080000000000000000e+02,1.000000000000000000e+02,1.000000000000000000e+00,3.080000000000000000e+02,1.790000000000000000e+02,1.000000000000000000e+00,2.480000000000000000e+02,1.810000000000000000e+02,1.000000000000000000e+00,2.080000000000000000e+02,2.920000000000000000e+02,1.000000000000000000e+00,2.010000000000000000e+02,2.750000000000000000e+02,1.000000000000000000e+00,3.670000000000000000e+02,1.760000000000000000e+02,1.000000000000000000e+00,4.640000000000000000e+02,2.160000000000000000e+02,1.000000000000000000e+00,5.500000000000000000e+02,1.690000000000000000e+02,1.000000000000000000e+00,3.020000000000000000e+02,3.790000000000000000e+02,1.000000000000000000e+00,2.610000000000000000e+02,3.790000000000000000e+02,1.000000000000000000e+00,2.709240722656250000e+02,5.258761596679687500e+02,0.000000000000000000e+00,-2.276362609863281250e+01,-6.800723266601562500e+01,0.000000000000000000e+00,3.440000000000000000e+02,3.800000000000000000e+02,1.000000000000000000e+00,3.520972900390625000e+02,5.129471435546875000e+02,0.000000000000000000e+00,-2.276362609863281250e+01,-6.800723266601562500e+01,0.000000000000000000e+00,2.930000000000000000e+02,8.700000000000000000e+01,1.000000000000000000e+00,3.190000000000000000e+02,8.700000000000000000e+01,1.000000000000000000e+00,2.740000000000000000e+02,9.800000000000000000e+01,1.000000000000000000e+00,3.370000000000000000e+02,1.000000000000000000e+02,1.000000000000000000e+00,-2.276362609863281250e+01,-6.800723266601562500e+01,0.000000000000000000e+00,-2.276362609863281250e+01,-6.800723266601562500e+01,0.000000000000000000e+00,-2.276362609863281250e+01,-6.800723266601562500e+01,0.000000000000000000e+00,-2.276362609863281250e+01,-6.800723266601562500e+01,0.000000000000000000e+00,-2.276362609863281250e+01,-6.800723266601562500e+01,0.000000000000000000e+00,-2.276362609863281250e+01,-6.800723266601562500e+01,0.000000000000000000e+00
3.080000000000000000e+02,1.010000000000000000e+02,1.000000000000000000e+00,3.070000000000000000e+02,1.790000000000000000e+02,1.000000000000000000e+00,2.480000000000000000e+02,1.810000000000000000e+02,1.000000000000000000e+00,2.090000000000000000e+02,2.960000000000000000e+02,1.000000000000000000e+00,2.050000000000000000e+02,2.780000000000000000e+02,1.000000000000000000e+00,3.670000000000000000e+02,1.760000000000000000e+02,1.000000000000000000e+00,4.640000000000000000e+02,2.160000000000000000e+02,1.000000000000000000e+00,5.500000000000000000e+02,1.690000000000000000e+02,1.000000000000000000e+00,3.020000000000000000e+02,3.790000000000000000e+02,1.000000000000000000e+00,2.620000000000000000e+02,3.790000000000000000e+02,1.000000000000000000e+00,2.707972106933593750e+02,5.263289794921875000e+02,0.000000000000000000e+00,-2.245217895507812500e+01,-6.847413635253906250e+01,0.000000000000000000e+00,3.440000000000000000e+02,3.800000000000000000e+02,1.000000000000000000e+00,3.522917480468750000e+02,5.131450195312500000e+02,0.000000000000000000e+00,-2.245217895507812500e+01,-6.847413635253906250e+01,0.000000000000000000e+00,2.930000000000000000e+02,8.800000000000000000e+01,1.000000000000000000e+00,3.190000000000000000e+02,8.800000000000000000e+01,1.000000000000000000e+00,2.740000000000000000e+02,9.900000000000000000e+01,1.000000000000000000e+00,3.370000000000000000e+02,1.000000000000000000e+02,1.000000000000000000e+00,-2.245217895507812500e+01,-6.847413635253906250e+01,0.000000000000000000e+00,-2.245217895507812500e+01,-6.847413635253906250e+01,0.000000000000000000e+00,-2.245217895507812500e+01,-6.847413635253906250e+01,0.000000000000000000e+00,-2.245217895507812500e+01,-6.847413635253906250e+01,0.000000000000000000e+00,-2.245217895507812500e+01,-6.847413635253906250e+01,0.000000000000000000e+00,-2.245217895507812500e+01,-6.847413635253906250e+01,0.000000000000000000e+00
3.080000000000000000e+02,1.020000000000000000e+02,1.000000000000000000e+00,3.070000000000000000e+02,1.790000000000000000e+02,1.000000000000000000e+00,2.480000000000000000e+02,1.810000000000000000e+02,1.000000000000000000e+00,2.100000000000000000e+02,2.980000000000000000e+02,1.000000000000000000e+00,2.420000000000000000e+02,2.300000000000000000e+02,1.000000000000000000e+00,3.670000000000000000e+02,1.760000000000000000e+02,1.000000000000000000e+00,4.630000000000000000e+02,2.170000000000000000e+02,1.000000000000000000e+00,5.500000000000000000e+02,1.700000000000000000e+02,1.000000000000000000e+00,3.020000000000000000e+02,3.790000000000000000e+02,1.000000000000000000e+00,2.630000000000000000e+02,3.790000000000000000e+02,1.000000000000000000e+00,2.705299072265625000e+02,5.280520629882812500e+02,0.000000000000000000e+00,-2.308508300781250000e+01,-6.851115417480468750e+01,0.000000000000000000e+00,3.440000000000000000e+02,3.800000000000000000e+02,1.000000000000000000e+00,3.521223144531250000e+02,5.138081054687500000e+02,0.000000000000000000e+00,-2.308508300781250000e+01,-6.851115417480468750e+01,0.000000000000000000e+00,2.930000000000000000e+02,8.900000000000000000e+01,1.000000000000000000e+00,3.190000000000000000e+02,8.900000000000000000e+01,1.000000000000000000e+00,2.740000000000000000e+02,1.000000000000000000e+02,1.000000000000000000e+00,3.370000000000000000e+02,1.000000000000000000e+02,1.000000000000000000e+00,-2.308508300781250000e+01,-6.851115417480468750e+01,0.000000000000000000e+00,-2.308508300781250000e+01,-6.851115417480468750e+01,0.000000000000000000e+00,-2.308508300781250000e+01,-6.851115417480468750e+01,0.000000000000000000e+00,-2.308508300781250000e+01,-6.851115417480468750e+01,0.000000000000000000e+00,-2.308508300781250000e+01,-6.851115417480468750e+01,0.000000000000000000e+00,-2.308508300781250000e+01,-6.851115417480468750e+01,0.000000000000000000e+00
3.080000000000000000e+02,1.030000000000000000e+02,1.000000000000000000e+00,3.070000000000000000e+02,1.790000000000000000e+02,1.000000000000000000e+00,2.480000000000000000e+02,1.810000000000000000e+02,1.000000000000000000e+00,2.130000000000000000e+02,3.010000000000000000e+02,1.000000000000000000e+00,2.450000000000000000e+02,2.360000000000000000e+02,1.000000000000000000e+00,3.670000000000000000e+02,1.760000000000000000e+02,1.000000000000000000e+00,4.630000000000000000e+02,2.180000000000000000e+02,1.000000000000000000e+00,5.500000000000000000e+02,1.710000000000000000e+02,1.000000000000000000e+00,3.010000000000000000e+02,3.790000000000000000e+02,1.000000000000000000e+00,2.630000000000000000e+02,3.790000000000000000e+02,1.000000000000000000e+00,2.703277587890625000e+02,5.283056030273437500e+02,0.000000000000000000e+00,-2.290679931640625000e+01,-6.811778259277343750e+01,0.000000000000000000e+00,3.440000000000000000e+02,3.800000000000000000e+02,1.000000000000000000e+00,3.520455932617187500e+02,5.138078613281250000e+02,0.000000000000000000e+00,-2.290679931640625000e+01,-6.811778259277343750e+01,0.000000000000000000e+00,2.930000000000000000e+02,8.900000000000000000e+01,1.000000000000000000e+00,3.190000000000000000e+02,8.900000000000000000e+01,1.000000000000000000e+00,2.740000000000000000e+02,1.000000000000000000e+02,1.000000000000000000e+00,3.370000000000000000e+02,1.000000000000000000e+02,1.000000000000000000e+00,-2.290679931640625000e+01,-6.811778259277343750e+01,0.000000000000000000e+00,-2.290679931640625000e+01,-6.811778259277343750e+01,0.000000000000000000e+00,-2.290679931640625000e+01,-6.811778259277343750e+01,0.000000000000000000e+00,-2.290679931640625000e+01,-6.811778259277343750e+01,0.000000000000000000e+00,-2.290679931640625000e+01,-6.811778259277343750e+01,0.000000000000000000e+00,-2.290679931640625000e+01,-6.811778259277343750e+01,0.000000000000000000e+00
3.080000000000000000e+02,1.030000000000000000e+02,1.000000000000000000e+00,3.090000000000000000e+02,1.810000000000000000e+02,1.000000000000000000e+00,2.480000000000000000e+02,1.820000000000000000e+02,1.000000000000000000e+00,2.150000000000000000e+02,3.000000000000000000e+02,1.000000000000000000e+00,2.570000000000000000e+02,2.440000000000000000e+02,1.000000000000000000e+00,3.670000000000000000e+02,1.760000000000000000e+02,1.000000000000000000e+00,4.630000000000000000e+02,2.190000000000000000e+02,1.000000000000000000e+00,5.500000000000000000e+02,1.720000000000000000e+02,1.000000000000000000e+00,3.010000000000000000e+02,3.790000000000000000e+02,1.000000000000000000e+00,2.630000000000000000e+02,3.790000000000000000e+02,1.000000000000000000e+00,2.703671875000000000e+02,5.283138427734375000e+02,0.000000000000000000e+00,-2.264907836914062500e+01,-6.859881591796875000e+01,0.000000000000000000e+00,3.440000000000000000e+02,3.800000000000000000e+02,1.000000000000000000e+00,3.520275268554687500e+02,5.141740722656250000e+02,0.000000000000000000e+00,-2.264907836914062500e+01,-6.859881591796875000e+01,0.000000000000000000e+00,2.930000000000000000e+02,8.900000000000000000e+01,1.000000000000000000e+00,3.190000000000000000e+02,9.000000000000000000e+01,1.000000000000000000e+00,2.740000000000000000e+02,1.000000000000000000e+02,1.000000000000000000e+00,3.370000000000000000e+02,1.000000000000000000e+02,1.000000000000000000e+00,-2.264907836914062500e+01,-6.859881591796875000e+01,0.000000000000000000e+00,-2.264907836914062500e+01,-6.859881591796875000e+01,0.000000000000000000e+00,-2.264907836914062500e+01,-6.859881591796875000e+01,0.000000000000000000e+00,-2.264907836914062500e+01,-6.859881591796875000e+01,0.000000000000000000e+00,-2.264907836914062500e+01,-6.859881591796875000e+01,0.000000000000000000e+00,-2.264907836914062500e+01,-6.859881591796875000e+01,0.000000000000000000e+00
3.080000000000000000e+02,1.030000000000000000e+02,1.000000000000000000e+00,3.090000000000000000e+02,1.810000000000000000e+02,1.000000000000000000e+00,2.480000000000000000e+02,1.820000000000000000e+02,1.000000000000000000e+00,2.150000000000000000e+02,2.990000000000000000e+02,1.000000000000000000e+00,2.640000000000000000e+02,2.590000000000000000e+02,1.000000000000000000e+00,3.670000000000000000e+02,1.760000000000000000e+02,1.000000000000000000e+00,4.630000000000000000e+02,2.190000000000000000e+02,1.000000000000000000e+00,5.510000000000000000e+02,1.730000000000000000e+02,1.000000000000000000e+00,3.000000000000000000e+02,3.790000000000000000e+02,1.000000000000000000e+00,2.630000000000000000e+02,3.790000000000000000e+02,1.000000000000000000e+00,2.701860351562500000e+02,5.291424560546875000e+02,0.000000000000000000e+00,-2.205329895019531250e+01,-6.811328125000000000e+01,0.000000000000000000e+00,3.440000000000000000e+02,3.800000000000000000e+02,1.000000000000000000e+00,3.519825439453125000e+02,5.143991699218750000e+02,0.000000000000000000e+00,-2.205329895019531250e+01,-6.811328125000000000e+01,0.000000000000000000e+00,2.930000000000000000e+02,8.900000000000000000e+01,1.000000000000000000e+00,3.190000000000000000e+02,9.000000000000000000e+01,1.000000000000000000e+00,2.740000000000000000e+02,1.000000000000000000e+02,1.000000000000000000e+00,3.370000000000000000e+02,1.000000000000000000e+02,1.000000000000000000e+00,-2.205329895019531250e+01,-6.811328125000000000e+01,0.000000000000000000e+00,-2.205329895019531250e+01,-6.811328125000000000e+01,0.000000000000000000e+00,-2.205329895019531250e+01,-6.811328125000000000e+01,0.000000000000000000e+00,-2.205329895019531250e+01,-6.811328125000000000e+01,0.000000000000000000e+00,-2.205329895019531250e+01,-6.811328125000000000e+01,0.000000000000000000e+00,-2.205329895019531250e+01,-6.811328125000000000e+01,0.000000000000000000e+00
3.080000000000000000e+02,1.030000000000000000e+02,1.000000000000000000e+00,3.090000000000000000e+02,1.810000000000000000e+02,1.000000000000000000e+00,2.480000000000000000e+02,1.820000000000000000e+02,1.000000000000000000e+00,2.050000000000000000e+02,2.900000000000000000e+02,1.000000000000000000e+00,2.720000000000000000e+02,2.710000000000000000e+02,1.000000000000000000e+00,3.670000000000000000e+02,1.760000000000000000e+02,1.000000000000000000e+00,4.630000000000000000e+02,2.190000000000000000e+02,1.000000000000000000e+00,5.510000000000000000e+02,1.730000000000000000e+02,1.000000000000000000e+00,3.000000000000000000e+02,3.790000000000000000e+02,1.000000000000000000e+00,2.570000000000000000e+02,3.790000000000000000e+02,1.000000000000000000e+00,2.703650512695312500e+02,5.292945556640625000e+02,0.000000000000000000e+00,-2.308442687988281250e+01,-6.844042968750000000e+01,0.000000000000000000e+00,3.440000000000000000e+02,3.800000000000000000e+02,1.000000000000000000e+00,3.519481506347656250e+02,5.147072143554687500e+02,0.000000000000000000e+00,-2.308442687988281250e+01,-6.844042968750000000e+01,0.000000000000000000e+00,2.930000000000000000e+02,8.900000000000000000e+01,1.000000000000000000e+00,3.190000000000000000e+02,9.000000000000000000e+01,1.000000000000000000e+00,2.740000000000000000e+02,1.000000000000000000e+02,1.000000000000000000e+00,3.370000000000000000e+02,1.000000000000000000e+02,1.000000000000000000e+00,-2.308442687988281250e+01,-6.844042968750000000e+01,0.000000000000000000e+00,-2.308442687988281250e+01,-6.844042968750000000e+01,0.000000000000000000e+00,-2.308442687988281250e+01,-6.844042968750000000e+01,0.000000000000000000e+00,-2.308442687988281250e+01,-6.844042968750000000e+01,0.000000000000000000e+00,-2.308442687988281250e+01,-6.844042968750000000e+01,0.000000000000000000e+00,-2.308442687988281250e+01,-6.844042968750000000e+01,0.000000000000000000e+00
3.080000000000000000e+02,1.030000000000000000e+02,1.000000000000000000e+00,3.090000000000000000e+02,1.810000000000000000e+02,1.000000000000000000e+00,2.480000000000000000e+02,1.820000000000000000e+02,1.000000000000000000e+00,2.030000000000000000e+02,2.860000000000000000e+02,1.000000000000000000e+00,2.640000000000000000e+02,2.820000000000000000e+02,1.000000000000000000e+00,3.670000000000000000e+02,1.760000000000000000e+02,1.000000000000000000e+00,4.640000000000000000e+02,2.190000000000000000e+02,1.000000000000000000e+00,5.510000000000000000e+02,1.730000000000000000e+02,1.000000000000000000e+00,3.030000000000000000e+02,3.790000000000000000e+02,1.000000000000000000e+00,2.580000000000000000e+02,3.810000000000000000e+02,1.000000000000000000e+00,2.700921630859375000e+02,5.280477905273437500e+02,0.000000000000000000e+00,-2.261076354980468750e+01,-6.865603637695312500e+01,0.000000000000000000e+00,3.470000000000000000e+02,3.800000000000000000e+02,1.000000000000000000e+00,3.522221679687500000e+02,5.147983398437500000e+02,0.000000000000000000e+00,-2.261076354980468750e+01,-6.865603637695312500e+01,0.000000000000000000e+00,2.930000000000000000e+02,8.900000000000000000e+01,1.000000000000000000e+00,3.190000000000000000e+02,9.000000000000000000e+01,1.000000000000000000e+00,2.740000000000000000e+02,1.000000000000000000e+02,1.000000000000000000e+00,3.370000000000000000e+02,1.000000000000000000e+02,1.000000000000000000e+00,-2.261076354980468750e+01,-6.865603637695312500e+01,0.000000000000000000e+00,-2.261076354980468750e+01,-6.865603637695312500e+01,0.000000000000000000e+00,-2.261076354980468750e+01,-6.865603637695312500e+01,0.000000000000000000e+00,-2.261076354980468750e+01,-6.865603637695312500e+01,0.000000000000000000e+00,-2.261076354980468750e+01,-6.865603637695312500e+01,0.000000000000000000e+00,-2.261076354980468750e+01,-6.865603637695312500e+01,0.000000000000000000e+00
3.080000000000000000e+02,1.020000000000000000e+02,1.000000000000000000e+00,3.090000000000000000e+02,1.810000000000000000e+02,1.000000000000000000e+00,2.480000000000000000e+02,1.820000000000000000e+02,1.000000000000000000e+00,2.030000000000000000e+02,2.820000000000000000e+02,1.000000000000000000e+00,2.640000000000000000e+02,2.860000000000000000e+02,1.000000000000000000e+00,3.670000000000000000e+02,1.760000000000000000e+02,1.000000000000000000e+00,4.640000000000000000e+02,2.180000000000000000e+02,1.000000000000000000e+00,5.510000000000000000e+02,1.720000000000000000e+02,1.000000000000000000e+00,3.030000000000000000e+02,3.790000000000000000e+02,1.000000000000000000e+00,2.570000000000000000e+02,3.810000000000000000e+02,1.000000000000000000e+00,2.699914550781250000e+02,5.273941040039062500e+02,0.000000000000000000e+00,-2.287440490722656250e+01,-6.870191955566406250e+01,0.000000000000000000e+00,3.440000000000000000e+02,3.800000000000000000e+02,1.000000000000000000e+00,3.520423889160156250e+02,5.143132324218750000e+02,0.000000000000000000e+00,-2.287440490722656250e+01,-6.870191955566406250e+01,0.000000000000000000e+00,2.930000000000000000e+02,8.900000000000000000e+01,1.000000000000000000e+00,3.190000000000000000e+02,9.000000000000000000e+01,1.000000000000000000e+00,2.740000000000000000e+02,1.000000000000000000e+02,1.000000000000000000e+00,3.370000000000000000e+02,1.000000000000000000e+02,1.000000000000000000e+00,-2.287440490722656250e+01,-6.870191955566406250e+01,0.000000000000000000e+00,-2.287440490722656250e+01,-6.870191955566406250e+01,0.000000000000000000e+00,-2.287440490722656250e+01,-6.870191955566406250e+01,0.000000000000000000e+00,-2.287440490722656250e+01,-6.870191955566406250e+01,0.000000000000000000e+00,-2.287440490722656250e+01,-6.870191955566406250e+01,0.000000000000000000e+00,-2.287440490722656250e+01,-6.870191955566406250e+01,0.000000000000000000e+00
3.080000000000000000e+02,1.020000000000000000e+02,1.000000000000000000e+00,3.090000000000000000e+02,1.810000000000000000e+02,1.000000000000000000e+00,2.480000000000000000e+02,1.820000000000000000e+02,1.000000000000000000e+00,2.040000000000000000e+02,2.790000000000000000e+02,1.000000000000000000e+00,2.650000000000000000e+02,2.870000000000000000e+02,1.000000000000000000e+00,3.670000000000000000e+02,1.760000000000000000e+02,1.000000000000000000e+00,4.640000000000000000e+02,2.170000000000000000e+02,1.000000000000000000e+00,5.510000000000000000e+02,1.710000000000000000e+02,1.000000000000000000e+00,2.980000000000000000e+02,3.790000000000000000e+02,1.000000000000000000e+00,2.550000000000000000e+02,3.820000000000000000e+02,1.000000000000000000e+00,2.701403503417968750e+02,5.280550537109375000e+02,0.000000000000000000e+00,-2.316337585449218750e+01,-6.894973754882812500e+01,0.000000000000000000e+00,3.440000000000000000e+02,3.800000000000000000e+02,1.000000000000000000e+00,3.520414123535156250e+02,5.142883300781250000e+02,0.000000000000000000e+00,-2.316337585449218750e+01,-6.894973754882812500e+01,0.000000000000000000e+00,2.930000000000000000e+02,8.900000000000000000e+01,1.000000000000000000e+00,3.190000000000000000e+02,9.000000000000000000e+01,1.000000000000000000e+00,2.740000000000000000e+02,1.000000000000000000e+02,1.000000000000000000e+00,3.370000000000000000e+02,1.000000000000000000e+02,1.000000000000000000e+00,-2.316337585449218750e+01,-6.894973754882812500e+01,0.000000000000000000e+00,-2.316337585449218750e+01,-6.894973754882812500e+01,0.000000000000000000e+00,-2.316337585449218750e+01,-6.894973754882812500e+01,0.000000000000000000e+00,-2.316337585449218750e+01,-6.894973754882812500e+01,0.000000000000000000e+00,-2.316337585449218750e+01,-6.894973754882812500e+01,0.000000000000000000e+00,-2.316337585449218750e+01,-6.894973754882812500e+01,0.000000000000000000e+00
3.080000000000000000e+02,1.010000000000000000e+02,1.000000000000000000e+00,3.090000000000000000e+02,1.810000000000000000e+02,1.000000000000000000e+00,2.480000000000000000e+02,1.810000000000000000e+02,1.000000000000000000e+00,2.030000000000000000e+02,2.760000000000000000e+02,1.000000000000000000e+00,2.600000000000000000e+02,2.810000000000000000e+02,1.000000000000000000e+00,3.670000000000000000e+02,1.760000000000000000e+02,1.000000000000000000e+00,4.640000000000000000e+02,2.160000000000000000e+02,1.000000000000000000e+00,5.510000000000000000e+02,1.700000000000000000e+02,1.000000000000000000e+00,3.020000000000000000e+02,3.860000000000000000e+02,1.000000000000000000e+00,2.580000000000000000e+02,3.840000000000000000e+02,1.000000000000000000e+00,2.702230834960937500e+02,5.278283691406250000e+02,0.000000000000000000e+00,-2.363677978515625000e+01,-6.923153686523437500e+01,0.000000000000000000e+00,3.450000000000000000e+02,3.830000000000000000e+02,1.000000000000000000e+00,3.521175537109375000e+02,5.145057373046875000e+02,0.000000000000000000e+00,-2.363677978515625000e+01,-6.923153686523437500e+01,0.000000000000000000e+00,2.930000000000000000e+02,8.900000000000000000e+01,1.000000000000000000e+00,3.190000000000000000e+02,8.900000000000000000e+01,1.000000000000000000e+00,2.740000000000000000e+02,1.000000000000000000e+02,1.000000000000000000e+00,3.370000000000000000e+02,1.000000000000000000e+02,1.000000000000000000e+00,-2.363677978515625000e+01,-6.923153686523437500e+01,0.000000000000000000e+00,-2.363677978515625000e+01,-6.923153686523437500e+01,0.000000000000000000e+00,-2.363677978515625000e+01,-6.923153686523437500e+01,0.000000000000000000e+00,-2.363677978515625000e+01,-6.923153686523437500e+01,0.000000000000000000e+00,-2.363677978515625000e+01,-6.923153686523437500e+01,0.000000000000000000e+00,-2.363677978515625000e+01,-6.923153686523437500e+01,0.000000000000000000e+00
3.080000000000000000e+02,1.000000000000000000e+02,1.000000000000000000e+00,3.090000000000000000e+02,1.810000000000000000e+02,1.000000000000000000e+00,2.480000000000000000e+02,1.810000000000000000e+02,1.000000000000000000e+00,1.990000000000000000e+02,2.720000000000000000e+02,1.000000000000000000e+00,2.570000000000000000e+02,2.700000000000000000e+02,1.000000000000000000e+00,3.670000000000000000e+02,1.760000000000000000e+02,1.000000000000000000e+00,4.650000000000000000e+02,2.150000000000000000e+02,1.000000000000000000e+00,5.510000000000000000e+02,1.690000000000000000e+02,1.000000000000000000e+00,3.020000000000000000e+02,3.820000000000000000e+02,1.000000000000000000e+00,2.580000000000000000e+02,3.810000000000000000e+02,1.000000000000000000e+00,2.701342773437500000e+02,5.281405029296875000e+02,0.000000000000000000e+00,-2.321554565429687500e+01,-6.844203186035156250e+01,0.000000000000000000e+00,3.460000000000000000e+02,3.810000000000000000e+02,1.000000000000000000e+00,3.523625488281250000e+02,5.143754882812500000e+02,0.000000000000000000e+00,-2.321554565429687500e+01,-6.844203186035156250e+01,0.000000000000000000e+00,2.930000000000000000e+02,8.900000000000000000e+01,1.000000000000000000e+00,3.190000000000000000e+02,8.800000000000000000e+01,1.000000000000000000e+00,2.740000000000000000e+02,1.000000000000000000e+02,1.000000000000000000e+00,3.370000000000000000e+02,9.900000000000000000e+01,1.000000000000000000e+00,-2.321554565429687500e+01,-6.844203186035156250e+01,0.000000000000000000e+00,-2.321554565429687500e+01,-6.844203186035156250e+01,0.000000000000000000e+00,-2.321554565429687500e+01,-6.844203186035156250e+01,0.000000000000000000e+00,-2.321554565429687500e+01,-6.844203186035156250e+01,0.000000000000000000e+00,-2.321554565429687500e+01,-6.844203186035156250e+01,0.000000000000000000e+00,-2.321554565429687500e+01,-6.844203186035156250e+01,0.000000000000000000e+00
3.080000000000000000e+02,9.900000000000000000e+01,1.000000000000000000e+00,3.090000000000000000e+02,1.810000000000000000e+02,1.000000000000000000e+00,2.480000000000000000e+02,1.800000000000000000e+02,1.000000000000000000e+00,1.970000000000000000e+02,2.690000000000000000e+02,1.000000000000000000e+00,2.460000000000000000e+02,2.600000000000000000e+02,1.000000000000000000e+00,3.670000000000000000e+02,1.760000000000000000e+02,1.000000000000000000e+00,4.650000000000000000e+02,2.140000000000000000e+02,1.000000000000000000e+00,5.510000000000000000e+02,1.680000000000000000e+02,1.000000000000000000e+00,3.030000000000000000e+02,3.820000000000000000e+02,1.000000000000000000e+00,2.550000000000000000e+02,3.810000000000000000e+02,1.000000000000000000e+00,2.703745117187500000e+02,5.263754882812500000e+02,0.000000000000000000e+00,-2.312208557128906250e+01,-6.854261779785156250e+01,0.000000000000000000e+00,3.460000000000000000e+02,3.810000000000000000e+02,1.000000000000000000e+00,3.523242187500000000e+02,5.140418701171875000e+02,0.000000000000000000e+00,-2.312208557128906250e+01,-6.854261779785156250e+01,0.000000000000000000e+00,2.930000000000000000e+02,8.800000000000000000e+01,1.000000000000000000e+00,3.190000000000000000e+02,8.700000000000000000e+01,1.000000000000000000e+00,2.740000000000000000e+02,9.900000000000000000e+01,1.000000000000000000e+00,3.370000000000000000e+02,9.900000000000000000e+01,1.000000000000000000e+00,-2.312208557128906250e+01,-6.854261779785156250e+01,0.000000000000000000e+00,-2.312208557128906250e+01,-6.854261779785156250e+01,0.000000000000000000e+00,-2.312208557128906250e+01,-6.854261779785156250e+01,0.000000000000000000e+00,-2.312208557128906250e+01,-6.854261779785156250e+01,0.000000000000000000e+00,-2.312208557128906250e+01,-6.854261779785156250e+01,0.000000000000000000e+00,-2.312208557128906250e+01,-6.854261779785156250e+01,0.000000000000000000e+00
3.080000000000000000e+02,9.800000000000000000e+01,1.000000000000000000e+00,3.090000000000000000e+02,1.810000000000000000e+02,1.000000000000000000e+00,2.480000000000000000e+02,1.790000000000000000e+02,1.000000000000000000e+00,2.010000000000000000e+02,2.840000000000000000e+02,1.000000000000000000e+00,2.490000000000000000e+02,2.440000000000000000e+02,1.000000000000000000e+00,3.670000000000000000e+02,1.760000000000000000e+02,1.000000000000000000e+00,4.650000000000000000e+02,2.140000000000000000e+02,1.000000000000000000e+00,5.510000000000000000e+02,1.670000000000000000e+02,1.000000000000000000e+00,3.020000000000000000e+02,3.790000000000000000e+02,1.000000000000000000e+00,2.550000000000000000e+02,3.810000000000000000e+02,1.000000000000000000e+00,2.705688171386718750e+02,5.267345581054687500e+02,0.000000000000000000e+00,-2.363537597656250000e+01,-6.901521301269531250e+01,0.000000000000000000e+00,3.460000000000000000e+02,3.790000000000000000e+02,1.000000000000000000e+00,3.526073608398437500e+02,5.138345947265625000e+02,0.000000000000000000e+00,-2.363537597656250000e+01,-6.901521301269531250e+01,0.000000000000000000e+00,2.930000000000000000e+02,8.700000000000000000e+01,1.000000000000000000e+00,3.190000000000000000e+02,8.600000000000000000e+01,1.000000000000000000e+00,2.740000000000000000e+02,9.800000000000000000e+01,1.000000000000000000e+00,3.370000000000000000e+02,9.900000000000000000e+01,1.000000000000000000e+00,-2.363537597656250000e+01,-6.901521301269531250e+01,0.000000000000000000e+00,-2.363537597656250000e+01,-6.901521301269531250e+01,0.000000000000000000e+00,-2.363537597656250000e+01,-6.901521301269531250e+01,0.000000000000000000e+00,-2.363537597656250000e+01,-6.901521301269531250e+01,0.000000000000000000e+00,-2.363537597656250000e+01,-6.901521301269531250e+01,0.000000000000000000e+00,-2.363537597656250000e+01,-6.901521301269531250e+01,0.000000000000000000e+00
3.080000000000000000e+02,9.700000000000000000e+01,1.000000000000000000e+00,3.090000000000000000e+02,1.810000000000000000e+02,1.000000000000000000e+00,2.480000000000000000e+02,1.790000000000000000e+02,1.000000000000000000e+00,2.070000000000000000e+02,2.940000000000000000e+02,1.000000000000000000e+00,2.020000000000000000e+02,2.760000000000000000e+02,1.000000000000000000e+00,3.670000000000000000e+02,1.760000000000000000e+02,1.000000000000000000e+00,4.650000000000000000e+02,2.140000000000000000e+02,1.000000000000000000e+00,5.510000000000000000e+02,1.670000000000000000e+02,1.000000000000000000e+00,3.020000000000000000e+02,3.790000000000000000e+02,1.000000000000000000e+00,2.560000000000000000e+02,3.810000000000000000e+02,1.000000000000000000e+00,2.705476379394531250e+02,5.268970947265625000e+02,0.000000000000000000e+00,-2.317466735839843750e+01,-6.842938232421875000e+01,0.000000000000000000e+00,3.460000000000000000e+02,3.790000000000000000e+02,1.000000000000000000e+00,3.526362304687500000e+02,5.130233154296875000e+02,0.000000000000000000e+00,-2.317466735839843750e+01,-6.842938232421875000e+01,0.000000000000000000e+00,2.930000000000000000e+02,8.600000000000000000e+01,1.000000000000000000e+00,3.190000000000000000e+02,8.500000000000000000e+01,1.000000000000000000e+00,2.740000000000000000e+02,9.700000000000000000e+01,1.000000000000000000e+00,3.370000000000000000e+02,9.800000000000000000e+01,1.000000000000000000e+00,-2.317466735839843750e+01,-6.842938232421875000e+01,0.000000000000000000e+00,-2.317466735839843750e+01,-6.842938232421875000e+01,0.000000000000000000e+00,-2.317466735839843750e+01,-6.842938232421875000e+01,0.000000000000000000e+00,-2.317466735839843750e+01,-6.842938232421875000e+01,0.000000000000000000e+00,-2.317466735839843750e+01,-6.842938232421875000e+01,0.000000000000000000e+00,-2.317466735839843750e+01,-6.842938232421875000e+01,0.000000000000000000e+00
3.080000000000000000e+02,9.600000000000000000e+01,1.000000000000000000e+00,3.090000000000000000e+02,1.810000000000000000e+02,1.000000000000000000e+00,2.480000000000000000e+02,1.790000000000000000e+02,1.000000000000000000e+00,2.080000000000000000e+02,2.950000000000000000e+02,1.000000000000000000e+00,2.030000000000000000e+02,2.740000000000000000e+02,1.000000000000000000e+00,3.670000000000000000e+02,1.760000000000000000e+02,1.000000000000000000e+00,4.650000000000000000e+02,2.140000000000000000e+02,1.000000000000000000e+00,5.510000000000000000e+02,1.670000000000000000e+02,1.000000000000000000e+00,3.020000000000000000e+02,3.790000000000000000e+02,1.000000000000000000e+00,2.580000000000000000e+02,3.810000000000000000e+02,1.000000000000000000e+00,2.705854187011718750e+02,5.270484619140625000e+02,0.000000000000000000e+00,-2.439389038085937500e+01,-6.972624206542968750e+01,0.000000000000000000e+00,3.460000000000000000e+02,3.790000000000000000e+02,1.000000000000000000e+00,3.525934753417968750e+02,5.129998779296875000e+02,0.000000000000000000e+00,-2.439389038085937500e+01,-6.972624206542968750e+01,0.000000000000000000e+00,2.930000000000000000e+02,8.500000000000000000e+01,1.000000000000000000e+00,3.190000000000000000e+02,8.400000000000000000e+01,1.000000000000000000e+00,2.740000000000000000e+02,9.600000000000000000e+01,1.000000000000000000e+00,3.370000000000000000e+02,9.800000000000000000e+01,1.000000000000000000e+00,-2.439389038085937500e+01,-6.972624206542968750e+01,0.000000000000000000e+00,-2.439389038085937500e+01,-6.972624206542968750e+01,0.000000000000000000e+00,-2.439389038085937500e+01,-6.972624206542968750e+01,0.000000000000000000e+00,-2.439389038085937500e+01,-6.972624206542968750e+01,0.000000000000000000e+00,-2.439389038085937500e+01,-6.972624206542968750e+01,0.000000000000000000e+00,-2.439389038085937500e+01,-6.972624206542968750e+01,0.000000000000000000e+00
3.080000000000000000e+02,9.600000000000000000e+01,1.000000000000000000e+00,3.080000000000000000e+02,1.810000000000000000e+02,1.000000000000000000e+00,2.480000000000000000e+02,1.790000000000000000e+02,1.000000000000000000e+00,2.120000000000000000e+02,2.960000000000000000e+02,1.000000000000000000e+00,2.090000000000000000e+02,2.780000000000000000e+02,1.000000000000000000e+00,3.670000000000000000e+02,1.760000000000000000e+02,1.000000000000000000e+00,4.650000000000000000e+02,2.140000000000000000e+02,1.000000000000000000e+00,5.390000000000000000e+02,1.690000000000000000e+02,1.000000000000000000e+00,3.020000000000000000e+02,3.790000000000000000e+02,1.000000000000000000e+00,2.590000000000000000e+02,3.810000000000000000e+02,1.000000000000000000e+00,2.706463012695312500e+02,5.270751953125000000e+02,0.000000000000000000e+00,-2.357629394531250000e+01,-6.954360961914062500e+01,0.000000000000000000e+00,3.460000000000000000e+02,3.790000000000000000e+02,1.000000000000000000e+00,3.525800476074218750e+02,5.134316406250000000e+02,0.000000000000000000e+00,-2.357629394531250000e+01,-6.954360961914062500e+01,0.000000000000000000e+00,2.930000000000000000e+02,8.500000000000000000e+01,1.000000000000000000e+00,3.190000000000000000e+02,8.400000000000000000e+01,1.000000000000000000e+00,2.740000000000000000e+02,9.600000000000000000e+01,1.000000000000000000e+00,3.370000000000000000e+02,9.800000000000000000e+01,1.000000000000000000e+00,-2.357629394531250000e+01,-6.954360961914062500e+01,0.000000000000000000e+00,-2.357629394531250000e+01,-6.954360961914062500e+01,0.000000000000000000e+00,-2.357629394531250000e+01,-6.954360961914062500e+01,0.000000000000000000e+00,-2.357629394531250000e+01,-6.954360961914062500e+01,0.000000000000000000e+00,-2.357629394531250000e+01,-6.954360961914062500e+01,0.000000000000000000e+00,-2.357629394531250000e+01,-6.954360961914062500e+01,0.000000000000000000e+00
3.080000000000000000e+02,9.600000000000000000e+01,1.000000000000000000e+00,3.070000000000000000e+02,1.810000000000000000e+02,1.000000000000000000e+00,2.470000000000000000e+02,1.790000000000000000e+02,1.000000000000000000e+00,2.150000000000000000e+02,2.980000000000000000e+02,1.000000000000000000e+00,2.400000000000000000e+02,2.200000000000000000e+02,1.000000000000000000e+00,3.670000000000000000e+02,1.760000000000000000e+02,1.000000000000000000e+00,4.650000000000000000e+02,2.150000000000000000e+02,1.000000000000000000e+00,5.390000000000000000e+02,1.700000000000000000e+02,1.000000000000000000e+00,3.020000000000000000e+02,3.790000000000000000e+02,1.000000000000000000e+00,2.610000000000000000e+02,3.810000000000000000e+02,1.000000000000000000e+00,2.706050415039062500e+02,5.281585693359375000e+02,0.000000000000000000e+00,-2.531886291503906250e+01,-7.058836364746093750e+01,0.000000000000000000e+00,3.460000000000000000e+02,3.790000000000000000e+02,1.000000000000000000e+00,3.525321044921875000e+02,5.135272827148437500e+02,0.000000000000000000e+00,-2.531886291503906250e+01,-7.058836364746093750e+01,0.000000000000000000e+00,2.930000000000000000e+02,8.500000000000000000e+01,1.000000000000000000e+00,3.190000000000000000e+02,8.400000000000000000e+01,1.000000000000000000e+00,2.740000000000000000e+02,9.600000000000000000e+01,1.000000000000000000e+00,3.370000000000000000e+02,9.800000000000000000e+01,1.000000000000000000e+00,-2.531886291503906250e+01,-7.058836364746093750e+01,0.000000000000000000e+00,-2.531886291503906250e+01,-7.058836364746093750e+01,0.000000000000000000e+00,-2.531886291503906250e+01,-7.058836364746093750e+01,0.000000000000000000e+00,-2.531886291503906250e+01,-7.058836364746093750e+01,0.000000000000000000e+00,-2.531886291503906250e+01,-7.058836364746093750e+01,0.000000000000000000e+00,-2.531886291503906250e+01,-7.058836364746093750e+01,0.000000000000000000e+00
3.080000000000000000e+02,9.600000000000000000e+01,1.000000000000000000e+00,3.070000000000000000e+02,1.810000000000000000e+02,1.000000000000000000e+00,2.470000000000000000e+02,1.800000000000000000e+02,1.000000000000000000e+00,2.160000000000000000e+02,2.990000000000000000e+02,1.000000000000000000e+00,2.450000000000000000e+02,2.280000000000000000e+02,1.000000000000000000e+00,3.670000000000000000e+02,1.760000000000000000e+02,1.000000000000000000e+00,4.650000000000000000e+02,2.160000000000000000e+02,1.000000000000000000e+00,5.430000000000000000e+02,1.700000000000000000e+02,1.000000000000000000e+00,3.020000000000000000e+02,3.790000000000000000e+02,1.000000000000000000e+00,2.580000000000000000e+02,3.800000000000000000e+02,1.000000000000000000e+00,2.704754333496093750e+02,5.286038208007812500e+02,0.000000000000000000e+00,-2.526986694335937500e+01,-7.078044128417968750e+01,0.000000000000000000e+00,3.470000000000000000e+02,3.790000000000000000e+02,1.000000000000000000e+00,3.524921569824218750e+02,5.138217163085937500e+02,0.000000000000000000e+00,-2.526986694335937500e+01,-7.078044128417968750e+01,0.000000000000000000e+00,2.930000000000000000e+02,8.500000000000000000e+01,1.000000000000000000e+00,3.190000000000000000e+02,8.400000000000000000e+01,1.000000000000000000e+00,2.740000000000000000e+02,9.600000000000000000e+01,1.000000000000000000e+00,3.370000000000000000e+02,9.800000000000000000e+01,1.000000000000000000e+00,-2.526986694335937500e+01,-7.078044128417968750e+01,0.000000000000000000e+00,-2.526986694335937500e+01,-7.078044128417968750e+01,0.000000000000000000e+00,-2.526986694335937500e+01,-7.078044128417968750e+01,0.000000000000000000e+00,-2.526986694335937500e+01,-7.078044128417968750e+01,0.000000000000000000e+00,-2.526986694335937500e+01,-7.078044128417968750e+01,0.000000000000000000e+00,-2.526986694335937500e+01,-7.078044128417968750e+01,0.000000000000000000e+00
3.080000000000000000e+02,9.600000000000000000e+01,1.000000000000000000e+00,3.060000000000000000e+02,1.810000000000000000e+02,1.000000000000000000e+00,2.450000000000000000e+02,1.840000000000000000e+02,1.000000000000000000e+00,2.150000000000000000e+02,2.990000000000000000e+02,1.000000000000000000e+00,2.510000000000000000e+02,2.380000000000000000e+02,1.000000000000000000e+00,3.670000000000000000e+02,1.760000000000000000e+02,1.000000000000000000e+00,4.650000000000000000e+02,2.170000000000000000e+02,1.000000000000000000e+00,5.470000000000000000e+02,1.690000000000000000e+02,1.000000000000000000e+00,3.020000000000000000e+02,3.790000000000000000e+02,1.000000000000000000e+00,2.580000000000000000e+02,3.800000000000000000e+02,1.000000000000000000e+00,2.704756774902343750e+02,5.282438964843750000e+02,0.000000000000000000e+00,-2.514578247070312500e+01,-7.087615966796875000e+01,0.000000000000000000e+00,3.470000000000000000e+02,3.790000000000000000e+02,1.000000000000000000e+00,3.524189453125000000e+02,5.140379028320312500e+02,0.000000000000000000e+00,-2.514578247070312500e+01,-7.087615966796875000e+01,0.000000000000000000e+00,2.930000000000000000e+02,8.500000000000000000e+01,1.000000000000000000e+00,3.190000000000000000e+02,8.400000000000000000e+01,1.000000000000000000e+00,2.740000000000000000e+02,9.600000000000000000e+01,1.000000000000000000e+00,3.370000000000000000e+02,9.800000000000000000e+01,1.000000000000000000e+00,-2.514578247070312500e+01,-7.087615966796875000e+01,0.000000000000000000e+00,-2.514578247070312500e+01,-7.087615966796875000e+01,0.000000000000000000e+00,-2.514578247070312500e+01,-7.087615966796875000e+01,0.000000000000000000e+00,-2.514578247070312500e+01,-7.087615966796875000e+01,0.000000000000000000e+00,-2.514578247070312500e+01,-7.087615966796875000e+01,0.000000000000000000e+00,-2.514578247070312500e+01,-7.087615966796875000e+01,0.000000000000000000e+00
3.080000000000000000e+02,9.600000000000000000e+01,1.000000000000000000e+00,3.080000000000000000e+02,1.810000000000000000e+02,1.000000000000000000e+00,2.460000000000000000e+02,1.850000000000000000e+02,1.000000000000000000e+00,2.110000000000000000e+02,2.980000000000000000e+02,1.000000000000000000e+00,2.600000000000000000e+02,2.550000000000000000e+02,1.000000000000000000e+00,3.670000000000000000e+02,1.760000000000000000e+02,1.000000000000000000e+00,4.650000000000000000e+02,2.180000000000000000e+02,1.000000000000000000e+00,5.500000000000000000e+02,1.690000000000000000e+02,1.000000000000000000e+00,3.020000000000000000e+02,3.790000000000000000e+02,1.000000000000000000e+00,2.590000000000000000e+02,3.800000000000000000e+02,1.000000000000000000e+00,2.699456787109375000e+02,5.289155273437500000e+02,0.000000000000000000e+00,-2.460003662109375000e+01,-7.014888000488281250e+01,0.000000000000000000e+00,3.470000000000000000e+02,3.790000000000000000e+02,1.000000000000000000e+00,3.523452758789062500e+02,5.152735595703125000e+02,0.000000000000000000e+00,-2.460003662109375000e+01,-7.014888000488281250e+01,0.000000000000000000e+00,2.930000000000000000e+02,8.500000000000000000e+01,1.000000000000000000e+00,3.190000000000000000e+02,8.400000000000000000e+01,1.000000000000000000e+00,2.740000000000000000e+02,9.600000000000000000e+01,1.000000000000000000e+00,3.370000000000000000e+02,9.800000000000000000e+01,1.000000000000000000e+00,-2.460003662109375000e+01,-7.014888000488281250e+01,0.000000000000000000e+00,-2.460003662109375000e+01,-7.014888000488281250e+01,0.000000000000000000e+00,-2.460003662109375000e+01,-7.014888000488281250e+01,0.000000000000000000e+00,-2.460003662109375000e+01,-7.014888000488281250e+01,0.000000000000000000e+00,-2.460003662109375000e+01,-7.014888000488281250e+01,0.000000000000000000e+00,-2.460003662109375000e+01,-7.014888000488281250e+01,0.000000000000000000e+00
3.080000000000000000e+02,9.600000000000000000e+01,1.000000000000000000e+00,3.080000000000000000e+02,1.810000000000000000e+02,1.000000000000000000e+00,2.460000000000000000e+02,1.850000000000000000e+02,1.000000000000000000e+00,1.990000000000000000e+02,2.840000000000000000e+02,1.000000000000000000e+00,2.660000000000000000e+02,2.690000000000000000e+02,1.000000000000000000e+00,3.670000000000000000e+02,1.760000000000000000e+02,1.000000000000000000e+00,4.650000000000000000e+02,2.190000000000000000e+02,1.000000000000000000e+00,5.500000000000000000e+02,1.700000000000000000e+02,1.000000000000000000e+00,3.010000000000000000e+02,3.790000000000000000e+02,1.000000000000000000e+00,2.590000000000000000e+02,3.800000000000000000e+02,1.000000000000000000e+00,2.698768920898437500e+02,5.289527587890625000e+02,0.000000000000000000e+00,-2.506942749023437500e+01,-6.982490539550781250e+01,0.000000000000000000e+00,3.470000000000000000e+02,3.790000000000000000e+02,1.000000000000000000e+00,3.523464050292968750e+02,5.149634399414062500e+02,0.000000000000000000e+00,-2.506942749023437500e+01,-6.982490539550781250e+01,0.000000000000000000e+00,2.930000000000000000e+02,8.500000000000000000e+01,1.000000000000000000e+00,3.190000000000000000e+02,8.400000000000000000e+01,1.000000000000000000e+00,2.740000000000000000e+02,9.600000000000000000e+01,1.000000000000000000e+00,3.370000000000000000e+02,9.800000000000000000e+01,1.000000000000000000e+00,-2.506942749023437500e+01,-6.982490539550781250e+01,0.000000000000000000e+00,-2.506942749023437500e+01,-6.982490539550781250e+01,0.000000000000000000e+00,-2.506942749023437500e+01,-6.982490539550781250e+01,0.000000000000000000e+00,-2.506942749023437500e+01,-6.982490539550781250e+01,0.000000000000000000e+00,-2.506942749023437500e+01,-6.982490539550781250e+01,0.000000000000000000e+00,-2.506942749023437500e+01,-6.982490539550781250e+01,0.000000000000000000e+00
3.080000000000000000e+02,9.600000000000000000e+01,1.000000000000000000e+00,3.080000000000000000e+02,1.810000000000000000e+02,1.000000000000000000e+00,2.460000000000000000e+02,1.850000000000000000e+02,1.000000000000000000e+00,1.980000000000000000e+02,2.830000000000000000e+02,1.000000000000000000e+00,2.620000000000000000e+02,2.840000000000000000e+02,1.000000000000000000e+00,3.670000000000000000e+02,1.760000000000000000e+02,1.000000000000000000e+00,4.650000000000000000e+02,2.190000000000000000e+02,1.000000000000000000e+00,5.500000000000000000e+02,1.710000000000000000e+02,1.000000000000000000e+00,3.020000000000000000e+02,3.790000000000000000e+02,1.000000000000000000e+00,2.570000000000000000e+02,3.800000000000000000e+02,1.000000000000000000e+00,2.697841186523437500e+02,5.293045654296875000e+02,0.000000000000000000e+00,-2.463450622558593750e+01,-6.961146545410156250e+01,0.000000000000000000e+00,3.480000000000000000e+02,3.790000000000000000e+02,1.000000000000000000e+00,3.526137084960937500e+02,5.154909057617187500e+02,0.000000000000000000e+00,-2.463450622558593750e+01,-6.961146545410156250e+01,0.000000000000000000e+00,2.930000000000000000e+02,8.500000000000000000e+01,1.000000000000000000e+00,3.190000000000000000e+02,8.400000000000000000e+01,1.000000000000000000e+00,2.740000000000000000e+02,9.600000000000000000e+01,1.000000000000000000e+00,3.370000000000000000e+02,9.800000000000000000e+01,1.000000000000000000e+00,-2.463450622558593750e+01,-6.961146545410156250e+01,0.000000000000000000e+00,-2.463450622558593750e+01,-6.961146545410156250e+01,0.000000000000000000e+00,-2.463450622558593750e+01,-6.961146545410156250e+01,0.000000000000000000e+00,-2.463450622558593750e+01,-6.961146545410156250e+01,0.000000000000000000e+00,-2.463450622558593750e+01,-6.961146545410156250e+01,0.000000000000000000e+00,-2.463450622558593750e+01,-6.961146545410156250e+01,0.000000000000000000e+00
3.080000000000000000e+02,9.600000000000000000e+01,1.000000000000000000e+00,3.080000000000000000e+02,1.810000000000000000e+02,1.000000000000000000e+00,2.460000000000000000e+02,1.850000000000000000e+02,1.000000000000000000e+00,2.000000000000000000e+02,2.810000000000000000e+02,1.000000000000000000e+00,2.650000000000000000e+02,2.940000000000000000e+02,1.000000000000000000e+00,3.670000000000000000e+02,1.760000000000000000e+02,1.000000000000000000e+00,4.650000000000000000e+02,2.190000000000000000e+02,1.000000000000000000e+00,5.500000000000000000e+02,1.720000000000000000e+02,1.000000000000000000e+00,3.030000000000000000e+02,3.790000000000000000e+02,1.000000000000000000e+00,2.580000000000000000e+02,3.820000000000000000e+02,1.000000000000000000e+00,2.698829956054687500e+02,5.297813110351562500e+02,0.000000000000000000e+00,-2.530645751953125000e+01,-7.099125671386718750e+01,0.000000000000000000e+00,3.430000000000000000e+02,3.790000000000000000e+02,1.000000000000000000e+00,3.525559997558593750e+02,5.160622558593750000e+02,0.000000000000000000e+00,-2.530645751953125000e+01,-7.099125671386718750e+01,0.000000000000000000e+00,2.930000000000000000e+02,8.500000000000000000e+01,1.000000000000000000e+00,3.190000000000000000e+02,8.400000000000000000e+01,1.000000000000000000e+00,2.740000000000000000e+02,9.600000000000000000e+01,1.000000000000000000e+00,3.370000000000000000e+02,9.800000000000000000e+01,1.000000000000000000e+00,-2.530645751953125000e+01,-7.099125671386718750e+01,0.000000000000000000e+00,-2.530645751953125000e+01,-7.099125671386718750e+01,0.000000000000000000e+00,-2.530645751953125000e+01,-7.099125671386718750e+01,0.000000000000000000e+00,-2.530645751953125000e+01,-7.099125671386718750e+01,0.000000000000000000e+00,-2.530645751953125000e+01,-7.099125671386718750e+01,0.000000000000000000e+00,-2.530645751953125000e+01,-7.099125671386718750e+01,0.000000000000000000e+00
3.080000000000000000e+02,9.600000000000000000e+01,1.000000000000000000e+00,3.080000000000000000e+02,1.810000000000000000e+02,1.000000000000000000e+00,2.470000000000000000e+02,1.850000000000000000e+02,1.000000000000000000e+00,2.000000000000000000e+02,2.720000000000000000e+02,1.000000000000000000e+00,2.630000000000000000e+02,3.030000000000000000e+02,1.000000000000000000e+00,3.670000000000000000e+02,1.760000000000000000e+02,1.000000000000000000e+00,4.650000000000000000e+02,2.200000000000000000e+02,1.000000000000000000e+00,5.500000000000000000e+02,1.720000000000000000e+02,1.000000000000000000e+00,3.000000000000000000e+02,3.820000000000000000e+02,1.000000000000000000e+00,2.600000000000000000e+02,3.820000000000000000e+02,1.000000000000000000e+00,2.695044250488281250e+02,5.290148315429687500e+02,0.000000000000000000e+00,-2.629283142089843750e+01,-7.101051330566406250e+01,0.000000000000000000e+00,3.440000000000000000e+02,3.810000000000000000e+02,1.000000000000000000e+00,3.521978454589843750e+02,5.156707763671875000e+02,0.000000000000000000e+00,-2.629283142089843750e+01,-7.101051330566406250e+01,0.000000000000000000e+00,2.930000000000000000e+02,8.500000000000000000e+01,1.000000000000000000e+00,3.190000000000000000e+02,8.400000000000000000e+01,1.000000000000000000e+00,2.740000000000000000e+02,9.600000000000000000e+01,1.000000000000000000e+00,3.370000000000000000e+02,9.800000000000000000e+01,1.000000000000000000e+00,-2.629283142089843750e+01,-7.101051330566406250e+01,0.000000000000000000e+00,-2.629283142089843750e+01,-7.101051330566406250e+01,0.000000000000000000e+00,-2.629283142089843750e+01,-7.101051330566406250e+01,0.000000000000000000e+00,-2.629283142089843750e+01,-7.101051330566406250e+01,0.000000000000000000e+00,-2.629283142089843750e+01,-7.101051330566406250e+01,0.000000000000000000e+00,-2.629283142089843750e+01,-7.101051330566406250e+01,0.000000000000000000e+00
3.080000000000000000e+02,9.600000000000000000e+01,1.000000000000000000e+00,3.080000000000000000e+02,1.810000000000000000e+02,1.000000000000000000e+00,2.480000000000000000e+02,1.850000000000000000e+02,1.000000000000000000e+00,2.000000000000000000e+02,2.780000000000000000e+02,1.000000000000000000e+00,2.530000000000000000e+02,3.100000000000000000e+02,1.000000000000000000e+00,3.670000000000000000e+02,1.760000000000000000e+02,1.000000000000000000e+00,4.630000000000000000e+02,2.200000000000000000e+02,1.000000000000000000e+00,5.490000000000000000e+02,1.730000000000000000e+02,1.000000000000000000e+00,2.960000000000000000e+02,3.820000000000000000e+02,1.000000000000000000e+00,2.630000000000000000e+02,3.840000000000000000e+02,1.000000000000000000e+00,2.698813781738281250e+02,5.300786743164062500e+02,0.000000000000000000e+00,-2.515155029296875000e+01,-7.006965637207031250e+01,0.000000000000000000e+00,3.440000000000000000e+02,3.810000000000000000e+02,1.000000000000000000e+00,3.521527709960937500e+02,5.159349975585937500e+02,0.000000000000000000e+00,-2.515155029296875000e+01,-7.006965637207031250e+01,0.000000000000000000e+00,2.930000000000000000e+02,8.500000000000000000e+01,1.000000000000000000e+00,3.190000000000000000e+02,8.400000000000000000e+01,1.000000000000000000e+00,2.740000000000000000e+02,9.600000000000000000e+01,1.000000000000000000e+00,3.370000000000000000e+02,9.800000000000000000e+01,1.000000000000000000e+00,-2.515155029296875000e+01,-7.006965637207031250e+01,0.000000000000000000e+00,-2.515155029296875000e+01,-7.006965637207031250e+01,0.000000000000000000e+00,-2.515155029296875000e+01,-7.006965637207031250e+01,0.000000000000000000e+00,-2.515155029296875000e+01,-7.006965637207031250e+01,0.000000000000000000e+00,-2.515155029296875000e+01,-7.006965637207031250e+01,0.000000000000000000e+00,-2.515155029296875000e+01,-7.006965637207031250e+01,0.000000000000000000e+00
3.080000000000000000e+02,9.500000000000000000e+01,1.000000000000000000e+00,3.080000000000000000e+02,1.810000000000000000e+02,1.000000000000000000e+00,2.480000000000000000e+02,1.850000000000000000e+02,1.000000000000000000e+00,1.980000000000000000e+02,2.790000000000000000e+02,1.000000000000000000e+00,2.470000000000000000e+02,3.140000000000000000e+02,1.000000000000000000e+00,3.670000000000000000e+02,1.760000000000000000e+02,1.000000000000000000e+00,4.630000000000000000e+02,2.210000000000000000e+02,1.000000000000000000e+00,5.500000000000000000e+02,1.720000000000000000e+02,1.000000000000000000e+00,3.040000000000000000e+02,3.800000000000000000e+02,1.000000000000000000e+00,2.600000000000000000e+02,3.780000000000000000e+02,1.000000000000000000e+00,2.699225463867187500e+02,5.299750976562500000e+02,0.000000000000000000e+00,-2.482856750488281250e+01,-6.995289611816406250e+01,0.000000000000000000e+00,3.440000000000000000e+02,3.810000000000000000e+02,1.000000000000000000e+00,3.521654052734375000e+02,5.151736450195312500e+02,0.000000000000000000e+00,-2.482856750488281250e+01,-6.995289611816406250e+01,0.000000000000000000e+00,2.930000000000000000e+02,8.400000000000000000e+01,1.000000000000000000e+00,3.190000000000000000e+02,8.300000000000000000e+01,1.000000000000000000e+00,2.740000000000000000e+02,9.500000000000000000e+01,1.000000000000000000e+00,3.370000000000000000e+02,9.700000000000000000e+01,1.000000000000000000e+00,-2.482856750488281250e+01,-6.995289611816406250e+01,0.000000000000000000e+00,-2.482856750488281250e+01,-6.995289611816406250e+01,0.000000000000000000e+00,-2.482856750488281250e+01,-6.995289611816406250e+01,0.000000000000000000e+00,-2.482856750488281250e+01,-6.995289611816406250e+01,0.000000000000000000e+00,-2.482856750488281250e+01,-6.995289611816406250e+01,0.000000000000000000e+00,-2.482856750488281250e+01,-6.995289611816406250e+01,0.000000000000000000e+00
3.080000000000000000e+02,9.400000000000000000e+01,1.000000000000000000e+00,3.080000000000000000e+02,1.810000000000000000e+02,1.000000000000000000e+00,2.470000000000000000e+02,1.850000000000000000e+02,1.000000000000000000e+00,1.990000000000000000e+02,2.800000000000000000e+02,1.000000000000000000e+00,2.430000000000000000e+02,3.180000000000000000e+02,1.000000000000000000e+00,3.670000000000000000e+02,1.760000000000000000e+02,1.000000000000000000e+00,4.630000000000000000e+02,2.240000000000000000e+02,1.000000000000000000e+00,5.490000000000000000e+02,1.720000000000000000e+02,1.000000000000000000e+00,3.060000000000000000e+02,3.760000000000000000e+02,1.000000000000000000e+00,2.620000000000000000e+02,3.700000000000000000e+02,1.000000000000000000e+00,2.699817810058593750e+02,5.301228027343750000e+02,0.000000000000000000e+00,-2.632221984863281250e+01,-7.020896911621093750e+01,0.000000000000000000e+00,3.450000000000000000e+02,3.790000000000000000e+02,1.000000000000000000e+00,3.522334594726562500e+02,5.147629394531250000e+02,0.000000000000000000e+00,-2.632221984863281250e+01,-7.020896911621093750e+01,0.000000000000000000e+00,2.930000000000000000e+02,8.300000000000000000e+01,1.000000000000000000e+00,3.190000000000000000e+02,8.200000000000000000e+01,1.000000000000000000e+00,2.740000000000000000e+02,9.400000000000000000e+01,1.000000000000000000e+00,3.370000000000000000e+02,9.600000000000000000e+01,1.000000000000000000e+00,-2.632221984863281250e+01,-7.020896911621093750e+01,0.000000000000000000e+00,-2.632221984863281250e+01,-7.020896911621093750e+01,0.000000000000000000e+00,-2.632221984863281250e+01,-7.020896911621093750e+01,0.000000000000000000e+00,-2.632221984863281250e+01,-7.020896911621093750e+01,0.000000000000000000e+00,-2.632221984863281250e+01,-7.020896911621093750e+01,0.000000000000000000e+00,-2.632221984863281250e+01,-7.020896911621093750e+01,0.000000000000000000e+00
3.080000000000000000e+02,9.300000000000000000e+01,1.000000000000000000e+00,3.080000000000000000e+02,1.810000000000000000e+02,1.000000000000000000e+00,2.460000000000000000e+02,1.850000000000000000e+02,1.000000000000000000e+00,1.980000000000000000e+02,2.820000000000000000e+02,1.000000000000000000e+00,2.380000000000000000e+02,3.220000000000000000e+02,1.000000000000000000e+00,3.670000000000000000e+02,1.760000000000000000e+02,1.000000000000000000e+00,4.620000000000000000e+02,2.270000000000000000e+02,1.000000000000000000e+00,5.480000000000000000e+02,1.740000000000000000e+02,1.000000000000000000e+00,3.030000000000000000e+02,3.720000000000000000e+02,1.000000000000000000e+00,2.620000000000000000e+02,3.740000000000000000e+02,1.000000000000000000e+00,2.700077514648437500e+02,5.301025390625000000e+02,0.000000000000000000e+00,-2.644746398925781250e+01,-7.074949645996093750e+01,0.000000000000000000e+00,3.450000000000000000e+02,3.790000000000000000e+02,1.000000000000000000e+00,3.521362915039062500e+02,5.147706909179687500e+02,0.000000000000000000e+00,-2.644746398925781250e+01,-7.074949645996093750e+01,0.000000000000000000e+00,2.930000000000000000e+02,8.200000000000000000e+01,1.000000000000000000e+00,3.190000000000000000e+02,8.100000000000000000e+01,1.000000000000000000e+00,2.740000000000000000e+02,9.300000000000000000e+01,1.000000000000000000e+00,3.370000000000000000e+02,9.600000000000000000e+01,1.000000000000000000e+00,-2.644746398925781250e+01,-7.074949645996093750e+01,0.000000000000000000e+00,-2.644746398925781250e+01,-7.074949645996093750e+01,0.000000000000000000e+00,-2.644746398925781250e+01,-7.074949645996093750e+01,0.000000000000000000e+00,-2.644746398925781250e+01,-7.074949645996093750e+01,0.000000000000000000e+00,-2.644746398925781250e+01,-7.074949645996093750e+01,0.000000000000000000e+00,-2.644746398925781250e+01,-7.074949645996093750e+01,0.000000000000000000e+00
3.080000000000000000e+02,9.200000000000000000e+01,1.000000000000000000e+00,3.080000000000000000e+02,1.810000000000000000e+02,1.000000000000000000e+00,2.450000000000000000e+02,1.850000000000000000e+02,1.000000000000000000e+00,2.000000000000000000e+02,2.820000000000000000e+02,1.000000000000000000e+00,2.320000000000000000e+02,3.270000000000000000e+02,1.000000000000000000e+00,3.690000000000000000e+02,1.790000000000000000e+02,1.000000000000000000e+00,4.600000000000000000e+02,2.310000000000000000e+02,1.000000000000000000e+00,5.460000000000000000e+02,1.800000000000000000e+02,1.000000000000000000e+00,3.040000000000000000e+02,3.800000000000000000e+02,1.000000000000000000e+00,2.650000000000000000e+02,3.790000000000000000e+02,1.000000000000000000e+00,2.701167907714843750e+02,5.295640869140625000e+02,0.000000000000000000e+00,-2.661109924316406250e+01,-7.112873840332031250e+01,0.000000000000000000e+00,3.450000000000000000e+02,3.790000000000000000e+02,1.000000000000000000e+00,3.519933166503906250e+02,5.148715820312500000e+02,0.000000000000000000e+00,-2.661109924316406250e+01,-7.112873840332031250e+01,0.000000000000000000e+00,2.930000000000000000e+02,8.100000000000000000e+01,1.000000000000000000e+00,3.190000000000000000e+02,8.000000000000000000e+01,1.000000000000000000e+00,2.740000000000000000e+02,9.200000000000000000e+01,1.000000000000000000e+00,3.370000000000000000e+02,9.500000000000000000e+01,1.000000000000000000e+00,-2.661109924316406250e+01,-7.112873840332031250e+01,0.000000000000000000e+00,-2.661109924316406250e+01,-7.112873840332031250e+01,0.000000000000000000e+00,-2.661109924316406250e+01,-7.112873840332031250e+01,0.000000000000000000e+00,-2.661109924316406250e+01,-7.112873840332031250e+01,0.000000000000000000e+00,-2.661109924316406250e+01,-7.112873840332031250e+01,0.000000000000000000e+00,-2.661109924316406250e+01,-7.112873840332031250e+01,0.000000000000000000e+00
3.080000000000000000e+02,9.200000000000000000e+01,1.000000000000000000e+00,3.080000000000000000e+02,1.810000000000000000e+02,1.000000000000000000e+00,2.440000000000000000e+02,1.850000000000000000e+02,1.000000000000000000e+00,2.030000000000000000e+02,2.830000000000000000e+02,1.000000000000000000e+00,2.270000000000000000e+02,3.340000000000000000e+02,1.000000000000000000e+00,3.690000000000000000e+02,1.800000000000000000e+02,1.000000000000000000e+00,4.580000000000000000e+02,2.360000000000000000e+02,1.000000000000000000e+00,5.430000000000000000e+02,1.890000000000000000e+02,1.000000000000000000e+00,3.060000000000000000e+02,3.800000000000000000e+02,1.000000000000000000e+00,2.650000000000000000e+02,3.810000000000000000e+02,1.000000000000000000e+00,2.703375854492187500e+02,5.310192871093750000e+02,0.000000000000000000e+00,-2.660636901855468750e+01,-7.123542785644531250e+01,0.000000000000000000e+00,3.450000000000000000e+02,3.790000000000000000e+02,1.000000000000000000e+00,3.520220947265625000e+02,5.150688476562500000e+02,0.000000000000000000e+00,-2.660636901855468750e+01,-7.123542785644531250e+01,0.000000000000000000e+00,2.930000000000000000e+02,8.100000000000000000e+01,1.000000000000000000e+00,3.190000000000000000e+02,8.000000000000000000e+01,1.000000000000000000e+00,2.730000000000000000e+02,9.500000000000000000e+01,1.000000000000000000e+00,3.370000000000000000e+02,9.400000000000000000e+01,1.000000000000000000e+00,-2.660636901855468750e+01,-7.123542785644531250e+01,0.000000000000000000e+00,-2.660636901855468750e+01,-7.123542785644531250e+01,0.000000000000000000e+00,-2.660636901855468750e+01,-7.123542785644531250e+01,0.000000000000000000e+00,-2.660636901855468750e+01,-7.123542785644531250e+01,0.000000000000000000e+00,-2.660636901855468750e+01,-7.123542785644531250e+01,0.000000000000000000e+00,-2.660636901855468750e+01,-7.123542785644531250e+01,0.000000000000000000e+00
3.070000000000000000e+02,9.200000000000000000e+01,1.000000000000000000e+00,3.080000000000000000e+02,1.810000000000000000e+02,1.000000000000000000e+00,2.460000000000000000e+02,1.850000000000000000e+02,1.000000000000000000e+00,2.110000000000000000e+02,2.800000000000000000e+02,1.000000000000000000e+00,2.190000000000000000e+02,3.450000000000000000e+02,1.000000000000000000e+00,3.690000000000000000e+02,1.810000000000000000e+02,1.000000000000000000e+00,4.550000000000000000e+02,2.420000000000000000e+02,1.000000000000000000e+00,5.400000000000000000e+02,2.010000000000000000e+02,1.000000000000000000e+00,3.060000000000000000e+02,3.800000000000000000e+02,1.000000000000000000e+00,2.640000000000000000e+02,3.780000000000000000e+02,1.000000000000000000e+00,2.706047973632812500e+02,5.309845581054687500e+02,0.000000000000000000e+00,-2.668420410156250000e+01,-7.145018005371093750e+01,0.000000000000000000e+00,3.450000000000000000e+02,3.790000000000000000e+02,1.000000000000000000e+00,3.521071166992187500e+02,5.152446289062500000e+02,0.000000000000000000e+00,-2.668420410156250000e+01,-7.145018005371093750e+01,0.000000000000000000e+00,2.920000000000000000e+02,8.100000000000000000e+01,1.000000000000000000e+00,3.190000000000000000e+02,8.000000000000000000e+01,1.000000000000000000e+00,2.720000000000000000e+02,9.500000000000000000e+01,1.000000000000000000e+00,3.370000000000000000e+02,9.400000000000000000e+01,1.000000000000000000e+00,-2.668420410156250000e+01,-7.145018005371093750e+01,0.000000000000000000e+00,-2.668420410156250000e+01,-7.145018005371093750e+01,0.000000000000000000e+00,-2.668420410156250000e+01,-7.145018005371093750e+01,0.000000000000000000e+00,-2.668420410156250000e+01,-7.145018005371093750e+01,0.000000000000000000e+00,-2.668420410156250000e+01,-7.145018005371093750e+01,0.000000000000000000e+00,-2.668420410156250000e+01,-7.145018005371093750e+01,0.000000000000000000e+00
3.070000000000000000e+02,9.200000000000000000e+01,1.000000000000000000e+00,3.080000000000000000e+02,1.810000000000000000e+02,1.000000000000000000e+00,2.460000000000000000e+02,1.870000000000000000e+02,1.000000000000000000e+00,2.110000000000000000e+02,2.830000000000000000e+02,1.000000000000000000e+00,2.130000000000000000e+02,3.560000000000000000e+02,1.000000000000000000e+00,3.690000000000000000e+02,1.820000000000000000e+02,1.000000000000000000e+00,4.490000000000000000e+02,2.480000000000000000e+02,1.000000000000000000e+00,5.350000000000000000e+02,2.170000000000000000e+02,1.000000000000000000e+00,3.070000000000000000e+02,3.800000000000000000e+02,1.000000000000000000e+00,2.640000000000000000e+02,3.720000000000000000e+02,1.000000000000000000e+00,2.713750610351562500e+02,5.437058105468750000e+02,0.000000000000000000e+00,-2.669792175292968750e+01,-7.230192565917968750e+01,0.000000000000000000e+00,3.450000000000000000e+02,3.790000000000000000e+02,1.000000000000000000e+00,3.524629821777343750e+02,5.153390502929687500e+02,0.000000000000000000e+00,-2.669792175292968750e+01,-7.230192565917968750e+01,0.000000000000000000e+00,2.920000000000000000e+02,8.100000000000000000e+01,1.000000000000000000e+00,3.190000000000000000e+02,8.000000000000000000e+01,1.000000000000000000e+00,2.720000000000000000e+02,9.500000000000000000e+01,1.000000000000000000e+00,3.370000000000000000e+02,9.400000000000000000e+01,1.000000000000000000e+00,-2.669792175292968750e+01,-7.230192565917968750e+01,0.000000000000000000e+00,-2.669792175292968750e+01,-7.230192565917968750e+01,0.000000000000000000e+00,-2.669792175292968750e+01,-7.230192565917968750e+01,0.000000000000000000e+00,-2.669792175292968750e+01,-7.230192565917968750e+01,0.000000000000000000e+00,-2.669792175292968750e+01,-7.230192565917968750e+01,0.000000000000000000e+00,-2.669792175292968750e+01,-7.230192565917968750e+01,0.000000000000000000e+00
3.070000000000000000e+02,9.200000000000000000e+01,1.000000000000000000e+00,3.080000000000000000e+02,1.810000000000000000e+02,1.000000000000000000e+00,2.460000000000000000e+02,1.860000000000000000e+02,1.000000000000000000e+00,2.100000000000000000e+02,2.850000000000000000e+02,1.000000000000000000e+00,2.090000000000000000e+02,3.660000000000000000e+02,1.000000000000000000e+00,3.670000000000000000e+02,1.820000000000000000e+02,1.000000000000000000e+00,4.440000000000000000e+02,2.550000000000000000e+02,1.000000000000000000e+00,5.300000000000000000e+02,2.370000000000000000e+02,1.000000000000000000e+00,3.030000000000000000e+02,3.780000000000000000e+02,1.000000000000000000e+00,2.580000000000000000e+02,3.740000000000000000e+02,1.000000000000000000e+00,2.738464965820312500e+02,5.434024047851562500e+02,0.000000000000000000e+00,-2.669017028808593750e+01,-7.146836853027343750e+01,0.000000000000000000e+00,3.460000000000000000e+02,3.790000000000000000e+02,1.000000000000000000e+00,3.529338989257812500e+02,5.151430664062500000e+02,0.000000000000000000e+00,-2.669017028808593750e+01,-7.146836853027343750e+01,0.000000000000000000e+00,2.910000000000000000e+02,8.200000000000000000e+01,1.000000000000000000e+00,3.180000000000000000e+02,8.000000000000000000e+01,1.000000000000000000e+00,2.710000000000000000e+02,9.600000000000000000e+01,1.000000000000000000e+00,3.370000000000000000e+02,9.400000000000000000e+01,1.000000000000000000e+00,-2.669017028808593750e+01,-7.146836853027343750e+01,0.000000000000000000e+00,-2.669017028808593750e+01,-7.146836853027343750e+01,0.000000000000000000e+00,-2.669017028808593750e+01,-7.146836853027343750e+01,0.000000000000000000e+00,-2.669017028808593750e+01,-7.146836853027343750e+01,0.000000000000000000e+00,-2.669017028808593750e+01,-7.146836853027343750e+01,0.000000000000000000e+00,-2.669017028808593750e+01,-7.146836853027343750e+01,0.000000000000000000e+00
3.070000000000000000e+02,9.300000000000000000e+01,1.000000000000000000e+00,3.080000000000000000e+02,1.810000000000000000e+02,1.000000000000000000e+00,2.470000000000000000e+02,1.860000000000000000e+02,1.000000000000000000e+00,2.120000000000000000e+02,2.890000000000000000e+02,1.000000000000000000e+00,2.030000000000000000e+02,3.780000000000000000e+02,1.000000000000000000e+00,3.670000000000000000e+02,1.840000000000000000e+02,1.000000000000000000e+00,4.390000000000000000e+02,2.630000000000000000e+02,1.000000000000000000e+00,5.210000000000000000e+02,2.570000000000000000e+02,1.000000000000000000e+00,3.030000000000000000e+02,3.780000000000000000e+02,1.000000000000000000e+00,2.590000000000000000e+02,3.740000000000000000e+02,1.000000000000000000e+00,2.714404296875000000e+02,5.496189575195312500e+02,0.000000000000000000e+00,-2.638851928710937500e+01,-7.064807128906250000e+01,0.000000000000000000e+00,3.470000000000000000e+02,3.790000000000000000e+02,1.000000000000000000e+00,3.533811035156250000e+02,5.168613281250000000e+02,0.000000000000000000e+00,-2.638851928710937500e+01,-7.064807128906250000e+01,0.000000000000000000e+00,2.910000000000000000e+02,8.300000000000000000e+01,1.000000000000000000e+00,3.170000000000000000e+02,8.100000000000000000e+01,1.000000000000000000e+00,2.700000000000000000e+02,9.600000000000000000e+01,1.000000000000000000e+00,3.370000000000000000e+02,9.400000000000000000e+01,1.000000000000000000e+00,-2.638851928710937500e+01,-7.064807128906250000e+01,0.000000000000000000e+00,-2.638851928710937500e+01,-7.064807128906250000e+01,0.000000000000000000e+00,-2.638851928710937500e+01,-7.064807128906250000e+01,0.000000000000000000e+00,-2.638851928710937500e+01,-7.064807128906250000e+01,0.000000000000000000e+00,-2.638851928710937500e+01,-7.064807128906250000e+01,0.000000000000000000e+00,-2.638851928710937500e+01,-7.064807128906250000e+01,0.000000000000000000e+00
3.060000000000000000e+02,9.400000000000000000e+01,1.000000000000000000e+00,3.080000000000000000e+02,1.810000000000000000e+02,1.000000000000000000e+00,2.470000000000000000e+02,1.870000000000000000e+02,1.000000000000000000e+00,2.130000000000000000e+02,2.920000000000000000e+02,1.000000000000000000e+00,2.000000000000000000e+02,3.940000000000000000e+02,1.000000000000000000e+00,3.670000000000000000e+02,1.850000000000000000e+02,1.000000000000000000e+00,4.270000000000000000e+02,2.660000000000000000e+02,1.000000000000000000e+00,5.130000000000000000e+02,2.810000000000000000e+02,1.000000000000000000e+00,3.030000000000000000e+02,3.780000000000000000e+02,1.000000000000000000e+00,2.590000000000000000e+02,3.740000000000000000e+02,1.000000000000000000e+00,2.699829406738281250e+02,5.558680419921875000e+02,0.000000000000000000e+00,-2.570172119140625000e+01,-7.077633666992187500e+01,0.000000000000000000e+00,3.470000000000000000e+02,3.790000000000000000e+02,1.000000000000000000e+00,3.532247009277343750e+02,5.173878173828125000e+02,0.000000000000000000e+00,-2.570172119140625000e+01,-7.077633666992187500e+01,0.000000000000000000e+00,2.900000000000000000e+02,8.400000000000000000e+01,1.000000000000000000e+00,3.160000000000000000e+02,8.100000000000000000e+01,1.000000000000000000e+00,2.690000000000000000e+02,9.700000000000000000e+01,1.000000000000000000e+00,3.370000000000000000e+02,9.400000000000000000e+01,1.000000000000000000e+00,-2.570172119140625000e+01,-7.077633666992187500e+01,0.000000000000000000e+00,-2.570172119140625000e+01,-7.077633666992187500e+01,0.000000000000000000e+00,-2.570172119140625000e+01,-7.077633666992187500e+01,0.000000000000000000e+00,-2.570172119140625000e+01,-7.077633666992187500e+01,0.000000000000000000e+00,-2.570172119140625000e+01,-7.077633666992187500e+01,0.000000000000000000e+00,-2.570172119140625000e+01,-7.077633666992187500e+01,0.000000000000000000e+00
3.060000000000000000e+02,9.500000000000000000e+01,1.000000000000000000e+00,3.080000000000000000e+02,1.810000000000000000e+02,1.000000000000000000e+00,2.470000000000000000e+02,1.880000000000000000e+02,1.000000000000000000e+00,2.150000000000000000e+02,2.950000000000000000e+02,1.000000000000000000e+00,1.970000000000000000e+02,4.070000000000000000e+02,1.000000000000000000e+00,3.670000000000000000e+02,1.860000000000000000e+02,1.000000000000000000e+00,4.220000000000000000e+02,2.750000000000000000e+02,1.000000000000000000e+00,4.930000000000000000e+02,3.000000000000000000e+02,1.000000000000000000e+00,3.020000000000000000e+02,3.810000000000000000e+02,1.000000000000000000e+00,2.600000000000000000e+02,3.780000000000000000e+02,1.000000000000000000e+00,2.689732055664062500e+02,5.531405029296875000e+02,0.000000000000000000e+00,-2.540501403808593750e+01,-7.033311462402343750e+01,0.000000000000000000e+00,3.470000000000000000e+02,3.840000000000000000e+02,1.000000000000000000e+00,3.531244201660156250e+02,5.168898315429687500e+02,0.000000000000000000e+00,-2.540501403808593750e+01,-7.033311462402343750e+01,0.000000000000000000e+00,2.900000000000000000e+02,8.400000000000000000e+01,1.000000000000000000e+00,3.160000000000000000e+02,8.100000000000000000e+01,1.000000000000000000e+00,2.680000000000000000e+02,9.700000000000000000e+01,1.000000000000000000e+00,3.370000000000000000e+02,9.400000000000000000e+01,1.000000000000000000e+00,-2.540501403808593750e+01,-7.033311462402343750e+01,0.000000000000000000e+00,-2.540501403808593750e+01,-7.033311462402343750e+01,0.000000000000000000e+00,-2.540501403808593750e+01,-7.033311462402343750e+01,0.000000000000000000e+00,-2.540501403808593750e+01,-7.033311462402343750e+01,0.000000000000000000e+00,-2.540501403808593750e+01,-7.033311462402343750e+01,0.000000000000000000e+00,-2.540501403808593750e+01,-7.033311462402343750e+01,0.000000000000000000e+00
3.060000000000000000e+02,9.500000000000000000e+01,1.000000000000000000e+00,3.080000000000000000e+02,1.810000000000000000e+02,1.000000000000000000e+00,2.470000000000000000e+02,1.890000000000000000e+02,1.000000000000000000e+00,2.160000000000000000e+02,2.980000000000000000e+02,1.000000000000000000e+00,1.970000000000000000e+02,4.080000000000000000e+02,1.000000000000000000e+00,3.660000000000000000e+02,1.850000000000000000e+02,1.000000000000000000e+00,4.140000000000000000e+02,2.820000000000000000e+02,1.000000000000000000e+00,4.820000000000000000e+02,3.270000000000000000e+02,1.000000000000000000e+00,3.020000000000000000e+02,3.810000000000000000e+02,1.000000000000000000e+00,2.580000000000000000e+02,3.800000000000000000e+02,1.000000000000000000e+00,2.685367736816406250e+02,5.505867919921875000e+02,0.000000000000000000e+00,-2.537939453125000000e+01,-7.039187622070312500e+01,0.000000000000000000e+00,3.480000000000000000e+02,3.840000000000000000e+02,1.000000000000000000e+00,3.531004333496093750e+02,5.175737304687500000e+02,0.000000000000000000e+00,-2.537939453125000000e+01,-7.039187622070312500e+01,0.000000000000000000e+00,2.900000000000000000e+02,8.400000000000000000e+01,1.000000000000000000e+00,3.160000000000000000e+02,8.100000000000000000e+01,1.000000000000000000e+00,2.680000000000000000e+02,9.700000000000000000e+01,1.000000000000000000e+00,3.370000000000000000e+02,9.400000000000000000e+01,1.000000000000000000e+00,-2.537939453125000000e+01,-7.039187622070312500e+01,0.000000000000000000e+00,-2.537939453125000000e+01,-7.039187622070312500e+01,0.000000000000000000e+00,-2.537939453125000000e+01,-7.039187622070312500e+01,0.000000000000000000e+00,-2.537939453125000000e+01,-7.039187622070312500e+01,0.000000000000000000e+00,-2.537939453125000000e+01,-7.039187622070312500e+01,0.000000000000000000e+00,-2.537939453125000000e+01,-7.039187622070312500e+01,0.000000000000000000e+00
3.060000000000000000e+02,9.500000000000000000e+01,1.000000000000000000e+00,3.080000000000000000e+02,1.810000000000000000e+02,1.000000000000000000e+00,2.470000000000000000e+02,1.890000000000000000e+02,1.000000000000000000e+00,2.170000000000000000e+02,2.990000000000000000e+02,1.000000000000000000e+00,1.990000000000000000e+02,3.940000000000000000e+02,1.000000000000000000e+00,3.660000000000000000e+02,1.860000000000000000e+02,1.000000000000000000e+00,4.080000000000000000e+02,2.870000000000000000e+02,1.000000000000000000e+00,4.700000000000000000e+02,3.580000000000000000e+02,1.000000000000000000e+00,3.020000000000000000e+02,3.840000000000000000e+02,1.000000000000000000e+00,2.590000000000000000e+02,3.800000000000000000e+02,1.000000000000000000e+00,2.684445190429687500e+02,5.394237060546875000e+02,0.000000000000000000e+00,-2.527934265136718750e+01,-7.072447204589843750e+01,0.000000000000000000e+00,3.480000000000000000e+02,3.840000000000000000e+02,1.000000000000000000e+00,3.534662475585937500e+02,5.174437255859375000e+02,0.000000000000000000e+00,-2.527934265136718750e+01,-7.072447204589843750e+01,0.000000000000000000e+00,2.900000000000000000e+02,8.400000000000000000e+01,1.000000000000000000e+00,3.160000000000000000e+02,8.100000000000000000e+01,1.000000000000000000e+00,2.680000000000000000e+02,9.700000000000000000e+01,1.000000000000000000e+00,3.370000000000000000e+02,9.400000000000000000e+01,1.000000000000000000e+00,-2.527934265136718750e+01,-7.072447204589843750e+01,0.000000000000000000e+00,-2.527934265136718750e+01,-7.072447204589843750e+01,0.000000000000000000e+00,-2.527934265136718750e+01,-7.072447204589843750e+01,0.000000000000000000e+00,-2.527934265136718750e+01,-7.072447204589843750e+01,0.000000000000000000e+00,-2.527934265136718750e+01,-7.072447204589843750e+01,0.000000000000000000e+00,-2.527934265136718750e+01,-7.072447204589843750e+01,0.000000000000000000e+00
3.060000000000000000e+02,9.500000000000000000e+01,1.000000000000000000e+00,3.080000000000000000e+02,1.810000000000000000e+02,1.000000000000000000e+00,2.470000000000000000e+02,1.890000000000000000e+02,1.000000000000000000e+00,2.170000000000000000e+02,2.990000000000000000e+02,1.000000000000000000e+00,2.010000000000000000e+02,3.930000000000000000e+02,1.000000000000000000e+00,3.670000000000000000e+02,1.870000000000000000e+02,1.000000000000000000e+00,4.000000000000000000e+02,2.940000000000000000e+02,1.000000000000000000e+00,4.500000000000000000e+02,3.800000000000000000e+02,1.000000000000000000e+00,3.030000000000000000e+02,3.840000000000000000e+02,1.000000000000000000e+00,2.610000000000000000e+02,3.820000000000000000e+02,1.000000000000000000e+00,2.676057128906250000e+02,5.320814208984375000e+02,0.000000000000000000e+00,-2.570162963867187500e+01,-7.111328125000000000e+01,0.000000000000000000e+00,3.470000000000000000e+02,3.840000000000000000e+02,1.000000000000000000e+00,3.537771606445312500e+02,5.178264160156250000e+02,0.000000000000000000e+00,-2.570162963867187500e+01,-7.111328125000000000e+01,0.000000000000000000e+00,2.900000000000000000e+02,8.400000000000000000e+01,1.000000000000000000e+00,3.160000000000000000e+02,8.100000000000000000e+01,1.000000000000000000e+00,2.680000000000000000e+02,9.700000000000000000e+01,1.000000000000000000e+00,3.370000000000000000e+02,9.400000000000000000e+01,1.000000000000000000e+00,-2.570162963867187500e+01,-7.111328125000000000e+01,0.000000000000000000e+00,-2.570162963867187500e+01,-7.111328125000000000e+01,0.000000000000000000e+00,-2.570162963867187500e+01,-7.111328125000000000e+01,0.000000000000000000e+00,-2.570162963867187500e+01,-7.111328125000000000e+01,0.000000000000000000e+00,-2.570162963867187500e+01,-7.111328125000000000e+01,0.000000000000000000e+00,-2.570162963867187500e+01,-7.111328125000000000e+01,0.000000000000000000e+00
3.060000000000000000e+02,9.500000000000000000e+01,1.000000000000000000e+00,3.100000000000000000e+02,1.830000000000000000e+02,1.000000000000000000e+00,2.470000000000000000e+02,1.890000000000000000e+02,1.000000000000000000e+00,2.190000000000000000e+02,2.970000000000000000e+02,1.000000000000000000e+00,2.040000000000000000e+02,3.910000000000000000e+02,1.000000000000000000e+00,3.680000000000000000e+02,1.880000000000000000e+02,1.000000000000000000e+00,3.940000000000000000e+02,2.960000000000000000e+02,1.000000000000000000e+00,4.270000000000000000e+02,3.950000000000000000e+02,1.000000000000000000e+00,3.040000000000000000e+02,3.840000000000000000e+02,1.000000000000000000e+00,2.610000000000000000e+02,3.820000000000000000e+02,1.000000000000000000e+00,2.675283813476562500e+02,5.316807861328125000e+02,0.000000000000000000e+00,-2.567936706542968750e+01,-7.082109069824218750e+01,0.000000000000000000e+00,3.450000000000000000e+02,3.840000000000000000e+02,1.000000000000000000e+00,3.538554077148437500e+02,5.178676757812500000e+02,0.000000000000000000e+00,-2.567936706542968750e+01,-7.082109069824218750e+01,0.000000000000000000e+00,2.900000000000000000e+02,8.400000000000000000e+01,1.000000000000000000e+00,3.160000000000000000e+02,8.100000000000000000e+01,1.000000000000000000e+00,2.680000000000000000e+02,9.700000000000000000e+01,1.000000000000000000e+00,3.360000000000000000e+02,9.200000000000000000e+01,1.000000000000000000e+00,-2.567936706542968750e+01,-7.082109069824218750e+01,0.000000000000000000e+00,-2.567936706542968750e+01,-7.082109069824218750e+01,0.000000000000000000e+00,-2.567936706542968750e+01,-7.082109069824218750e+01,0.000000000000000000e+00,-2.567936706542968750e+01,-7.082109069824218750e+01,0.000000000000000000e+00,-2.567936706542968750e+01,-7.082109069824218750e+01,0.000000000000000000e+00,-2.567936706542968750e+01,-7.082109069824218750e+01,0.000000000000000000e+00
2.998884582519531250e+02,1.009792327880859375e+02,9.105914831161499023e-01,3.078926696777343750e+02,1.813560485839843750e+02,8.240867853164672852e-01,2.456334381103515625e+02,1.832495880126953125e+02,8.201273083686828613e-01,1.994024047851562500e+02,2.858348083496093750e+02,7.951485514640808105e-01,2.335356292724609375e+02,2.536930999755859375e+02,8.191541433334350586e-01,3.662062377929687500e+02,1.753168640136718750e+02,7.781273126602172852e-01,4.466037597656250000e+02,2.456666870117187500e+02,7.918100357055664062e-01,5.390924072265625000e+02,2.055080413818359375e+02,8.140234947204589844e-01,2.979547119140625000e+02,3.782570495605468750e+02,6.246162056922912598e-01,2.517508544921875000e+02,3.782314147949218750e+02,5.929960608482360840e-01,0.000000000000000000e+00,0.000000000000000000e+00,0.000000000000000000e+00,0.000000000000000000e+00,0.000000000000000000e+00,0.000000000000000000e+00,3.441833801269531250e+02,3.782991638183593750e+02,5.964394211769104004e-01,0.000000000000000000e+00,0.000000000000000000e+00,0.000000000000000000e+00,0.000000000000000000e+00,0.000000000000000000e+00,0.000000000000000000e+00,2.838866882324218750e+02,8.699077606201171875e+01,9.153071641921997070e-01,3.139454040527343750e+02,8.690445709228515625e+01,9.642204046249389648e-01,2.657811279296875000e+02,1.029117965698242188e+02,8.187305331230163574e-01,3.320258178710937500e+02,9.495186614990234375e+01,7.592356204986572266e-01,0.000000000000000000e+00,0.000000000000000000e+00,0.000000000000000000e+00,0.000000000000000000e+00,0.000000000000000000e+00,0.000000000000000000e+00,0.000000000000000000e+00,0.000000000000000000e+00,0.000000000000000000e+00,0.000000000000000000e+00,0.000000000000000000e+00,0.000000000000000000e+00,0.000000000000000000e+00,0.000000000000000000e+00,0.000000000000000000e+00,0.000000000000000000e+00,0.000000000000000000e+00,0.000000000000000000e+00,3.920359672432057185e-01,2.024603216448883636e+00,2.013110692880224928e+00,2.319552550860246587e+00
3.000000000000000000e+02,1.010000000000000000e+02,1.000000000000000000e+00,3.080000000000000000e+02,1.810000000000000000e+02,1.000000000000000000e+00,2.460000000000000000e+02,1.830000000000000000e+02,1.000000000000000000e+00,2.000000000000000000e+02,2.840000000000000000e+02,1.000000000000000000e+00,2.350000000000000000e+02,2.470000000000000000e+02,1.000000000000000000e+00,3.660000000000000000e+02,1.750000000000000000e+02,1.000000000000000000e+00,4.480000000000000000e+02,2.440000000000000000e+02,1.000000000000000000e+00,5.410000000000000000e+02,2.020000000000000000e+02,1.000000000000000000e+00,2.980000000000000000e+02,3.780000000000000000e+02,1.000000000000000000e+00,2.520000000000000000e+02,3.780000000000000000e+02,1.000000000000000000e+00,4.740295410156250000e-01,9.389305114746093750e-01,0.000000000000000000e+00,4.740295410156250000e-01,9.389305114746093750e-01,0.000000000000000000e+00,3.440000000000000000e+02,3.780000000000000000e+02,1.000000000000000000e+00,4.740295410156250000e-01,9.389305114746093750e-01,0.000000000000000000e+00,4.740295410156250000e-01,9.389305114746093750e-01,0.000000000000000000e+00,2.830000000000000000e+02,8.700000000000000000e+01,1.000000000000000000e+00,3.130000000000000000e+02,8.700000000000000000e+01,1.000000000000000000e+00,2.650000000000000000e+02,1.030000000000000000e+02,1.000000000000000000e+00,3.320000000000000000e+02,9.500000000000000000e+01,1.000000000000000000e+00,4.740295410156250000e-01,9.389305114746093750e-01,0.000000000000000000e+00,4.740295410156250000e-01,9.389305114746093750e-01,0.000000000000000000e+00,4.740295410156250000e-01,9.389305114746093750e-01,0.000000000000000000e+00,4.740295410156250000e-01,9.389305114746093750e-01,0.000000000000000000e+00,4.740295410156250000e-01,9.389305114746093750e-01,0.000000000000000000e+00,4.740295410156250000e-01,9.389305114746093750e-01,0.000000000000000000e+00,3.302543216602696896e-01,2.030416414373907852e+00,2.017881033349563147e+00,2.338993832730629219e+00
3.000000000000000000e+02,1.010000000000000000e+02,1.000000000000000000e+00,3.080000000000000000e+02,1.810000000000000000e+02,1.000000000000000000e+00,2.460000000000000000e+02,1.830000000000000000e+02,1.000000000000000000e+00,2.020000000000000000e+02,2.840000000000000000e+02,1.000000000000000000e+00,2.460000000000000000e+02,2.360000000000000000e+02,1.000000000000000000e+00,3.660000000000000000e+02,1.750000000000000000e+02,1.000000000000000000e+00,4.500000000000000000e+02,2.410000000000000000e+02,1.000000000000000000e+00,5.430000000000000000e+02,1.990000000000000000e+02,1.000000000000000000e+00,2.970000000000000000e+02,3.780000000000000000e+02,1.000000000000000000e+00,2.520000000000000000e+02,3.780000000000000000e+02,1.000000000000000000e+00,1.337080001831054688e-01,-1.329938888549804688e+00,0.000000000000000000e+00,1.337080001831054688e-01,-1.329938888549804688e+00,0.000000000000000000e+00,3.440000000000000000e+02,3.780000000000000000e+02,1.000000000000000000e+00,1.337080001831054688e-01,-1.329938888549804688e+00,0.000000000000000000e+00,1.337080001831054688e-01,-1.329938888549804688e+00,0.000000000000000000e+00,2.830000000000000000e+02,8.700000000000000000e+01,1.000000000000000000e+00,3.120000000000000000e+02,8.700000000000000000e+01,1.000000000000000000e+00,2.650000000000000000e+02,1.030000000000000000e+02,1.000000000000000000e+00,3.320000000000000000e+02,9.500000000000000000e+01,1.000000000000000000e+00,1.337080001831054688e-01,-1.329938888549804688e+00,0.000000000000000000e+00,1.337080001831054688e-01,-1.329938888549804688e+00,0.000000000000000000e+00,1.337080001831054688e-01,-1.329938888549804688e+00,0.000000000000000000e+00,1.337080001831054688e-01,-1.329938888549804688e+00,0.000000000000000000e+00,1.337080001831054688e-01,-1.329938888549804688e+00,0.000000000000000000e+00,1.337080001831054688e-01,-1.329938888549804688e+00,0.000000000000000000e+00,3.310960767041322139e-01,2.013894400531935691e+00,2.051429008306916657e+00,2.372541807687983173e+00
2.990000000000000000e+02,1.010000000000000000e+02,1.000000000000000000e+00,3.080000000000000000e+02,1.810000000000000000e+02,1.000000000000000000e+00,2.460000000000000000e+02,1.830000000000000000e+02,1.000000000000000000e+00,2.020000000000000000e+02,2.840000000000000000e+02,1.000000000000000000e+00,2.460000000000000000e+02,2.310000000000000000e+02,1.000000000000000000e+00,3.660000000000000000e+02,1.750000000000000000e+02,1.000000000000000000e+00,4.550000000000000000e+02,2.360000000000000000e+02,1.000000000000000000e+00,5.490000000000000000e+02,1.960000000000000000e+02,1.000000000000000000e+00,2.970000000000000000e+02,3.780000000000000000e+02,1.000000000000000000e+00,2.520000000000000000e+02,3.780000000000000000e+02,1.000000000000000000e+00,-4.171867370605468750e-01,-7.855310440063476562e-01,0.000000000000000000e+00,-4.171867370605468750e-01,-7.855310440063476562e-01,0.000000000000000000e+00,3.450000000000000000e+02,3.780000000000000000e+02,1.000000000000000000e+00,-4.171867370605468750e-01,-7.855310440063476562e-01,0.000000000000000000e+00,-4.171867370605468750e-01,-7.855310440063476562e-01,0.000000000000000000e+00,2.820000000000000000e+02,8.700000000000000000e+01,1.000000000000000000e+00,3.120000000000000000e+02,8.700000000000000000e+01,1.000000000000000000e+00,2.650000000000000000e+02,1.030000000000000000e+02,1.000000000000000000e+00,3.320000000000000000e+02,9.500000000000000000e+01,1.000000000000000000e+00,-4.171867370605468750e-01,-7.855310440063476562e-01,0.000000000000000000e+00,-4.171867370605468750e-01,-7.855310440063476562e-01,0.000000000000000000e+00,-4.171867370605468750e-01,-7.855310440063476562e-01,0.000000000000000000e+00,-4.171867370605468750e-01,-7.855310440063476562e-01,0.000000000000000000e+00,-4.171867370605468750e-01,-7.855310440063476562e-01,0.000000000000000000e+00,-4.171867370605468750e-01,-7.855310440063476562e-01,0.000000000000000000e+00,2.820283509760164731e-01,2.013894400531935691e+00,2.138416189522518884e+00,2.437655678860259467e+00
2.990000000000000000e+02,1.010000000000000000e+02,1.000000000000000000e+00,3.080000000000000000e+02,1.810000000000000000e+02,1.000000000000000000e+00,2.460000000000000000e+02,1.830000000000000000e+02,1.000000000000000000e+00,2.020000000000000000e+02,2.840000000000000000e+02,1.000000000000000000e+00,2.440000000000000000e+02,2.320000000000000000e+02,1.000000000000000000e+00,3.660000000000000000e+02,1.750000000000000000e+02,1.000000000000000000e+00,4.570000000000000000e+02,2.320000000000000000e+02,1.000000000000000000e+00,5.520000000000000000e+02,1.910000000000000000e+02,1.000000000000000000e+00,2.970000000000000000e+02,3.780000000000000000e+02,1.000000000000000000e+00,2.540000000000000000e+02,3.780000000000000000e+02,1.000000000000000000e+00,-6.426477432250976562e-01,-9.381809234619140625e-01,0.000000000000000000e+00,-6.426477432250976562e-01,-9.381809234619140625e-01,0.000000000000000000e+00,3.450000000000000000e+02,3.780000000000000000e+02,1.000000000000000000e+00,-6.426477432250976562e-01,-9.381809234619140625e-01,0.000000000000000000e+00,-6.426477432250976562e-01,-9.381809234619140625e-01,0.000000000000000000e+00,2.820000000000000000e+02,8.700000000000000000e+01,1.000000000000000000e+00,3.120000000000000000e+02,8.700000000000000000e+01,1.000000000000000000e+00,2.650000000000000000e+02,1.030000000000000000e+02,1.000000000000000000e+00,3.320000000000000000e+02,9.500000000000000000e+01,1.000000000000000000e+00,-6.426477432250976562e-01,-9.381809234619140625e-01,0.000000000000000000e+00,-6.426477432250976562e-01,-9.381809234619140625e-01,0.000000000000000000e+00,-6.426477432250976562e-01,-9.381809234619140625e-01,0.000000000000000000e+00,-6.426477432250976562e-01,-9.381809234619140625e-01,0.000000000000000000e+00,-6.426477432250976562e-01,-9.381809234619140625e-01,0.000000000000000000e+00,-6.426477432250976562e-01,-9.381809234619140625e-01,0.000000000000000000e+00,2.685626141060630800e-01,2.013894400531935691e+00,2.174576319834525151e+00,2.478924563212999921e+00
2.990000000000000000e+02,1.010000000000000000e+02,1.000000000000000000e+00,3.080000000000000000e+02,1.810000000000000000e+02,1.000000000000000000e+00,2.460000000000000000e+02,1.830000000000000000e+02,1.000000000000000000e+00,2.010000000000000000e+02,2.830000000000000000e+02,1.000000000000000000e+00,2.460000000000000000e+02,2.250000000000000000e+02,1.000000000000000000e+00,3.660000000000000000e+02,1.750000000000000000e+02,1.000000000000000000e+00,4.600000000000000000e+02,2.280000000000000000e+02,1.000000000000000000e+00,5.550000000000000000e+02,1.850000000000000000e+02,1.000000000000000000e+00,2.970000000000000000e+02,3.780000000000000000e+02,1.000000000000000000e+00,2.530000000000000000e+02,3.780000000000000000e+02,1.000000000000000000e+00,-3.175334930419921875e-01,-2.246637344360351562e+00,0.000000000000000000e+00,-3.175334930419921875e-01,-2.246637344360351562e+00,0.000000000000000000e+00,3.440000000000000000e+02,3.780000000000000000e+02,1.000000000000000000e+00,-3.175334930419921875e-01,-2.246637344360351562e+00,0.000000000000000000e+00,-3.175334930419921875e-01,-2.246637344360351562e+00,0.000000000000000000e+00,2.810000000000000000e+02,8.700000000000000000e+01,1.000000000000000000e+00,3.120000000000000000e+02,8.700000000000000000e+01,1.000000000000000000e+00,2.640000000000000000e+02,1.030000000000000000e+02,1.000000000000000000e+00,3.320000000000000000e+02,9.500000000000000000e+01,1.000000000000000000e+00,-3.175334930419921875e-01,-2.246637344360351562e+00,0.000000000000000000e+00,-3.175334930419921875e-01,-2.246637344360351562e+00,0.000000000000000000e+00,-3.175334930419921875e-01,-2.246637344360351562e+00,0.000000000000000000e+00,-3.175334930419921875e-01,-2.246637344360351562e+00,0.000000000000000000e+00,-3.175334930419921875e-01,-2.246637344360351562e+00,0.000000000000000000e+00,-3.175334930419921875e-01,-2.246637344360351562e+00,0.000000000000000000e+00,2.369945001559808917e-01,2.025897135363091017e+00,2.203153409633818782e+00,2.525111993983773839e+00
2.990000000000000000e+02,1.010000000000000000e+02,1.000000000000000000e+00,3.080000000000000000e+02,1.810000000000000000e+02,1.000000000000000000e+00,2.460000000000000000e+02,1.820000000000000000e+02,1.000000000000000000e+00,2.020000000000000000e+02,2.800000000000000000e+02,1.000000000000000000e+00,2.470000000000000000e+02,2.190000000000000000e+02,1.000000000000000000e+00,3.660000000000000000e+02,1.740000000000000000e+02,1.000000000000000000e+00,4.620000000000000000e+02,2.230000000000000000e+02,1.000000000000000000e+00,5.560000000000000000e+02,1.810000000000000000e+02,1.000000000000000000e+00,2.970000000000000000e+02,3.780000000000000000e+02,1.000000000000000000e+00,2.530000000000000000e+02,3.780000000000000000e+02,1.000000000000000000e+00,2.005310058593750000e-01,-4.298721313476562500e+00,0.000000000000000000e+00,2.005310058593750000e-01,-4.298721313476562500e+00,0.000000000000000000e+00,3.440000000000000000e+02,3.780000000000000000e+02,1.000000000000000000e+00,2.005310058593750000e-01,-4.298721313476562500e+00,0.000000000000000000e+00,2.005310058593750000e-01,-4.298721313476562500e+00,0.000000000000000000e+00,2.810000000000000000e+02,8.700000000000000000e+01,1.000000000000000000e+00,3.120000000000000000e+02,8.700000000000000000e+01,1.000000000000000000e+00,2.640000000000000000e+02,1.030000000000000000e+02,1.000000000000000000e+00,3.320000000000000000e+02,9.500000000000000000e+01,1.000000000000000000e+00,2.005310058593750000e-01,-4.298721313476562500e+00,0.000000000000000000e+00,2.005310058593750000e-01,-4.298721313476562500e+00,0.000000000000000000e+00,2.005310058593750000e-01,-4.298721313476562500e+00,0.000000000000000000e+00,2.005310058593750000e-01,-4.298721313476562500e+00,0.000000000000000000e+00,2.005310058593750000e-01,-4.298721313476562500e+00,0.000000000000000000e+00,2.005310058593750000e-01,-4.298721313476562500e+00,0.000000000000000000e+00,2.135806769223324297e-01,2.008928990540750359e+00,2.249449766295042341e+00,2.549537744337404988e+00
2.990000000000000000e+02,1.010000000000000000e+02,1.000000000000000000e+00,3.070000000000000000e+02,1.800000000000000000e+02,1.000000000000000000e+00,2.450000000000000000e+02,1.800000000000000000e+02,1.000000000000000000e+00,2.010000000000000000e+02,2.800000000000000000e+02,1.000000000000000000e+00,2.480000000000000000e+02,2.140000000000000000e+02,1.000000000000000000e+00,3.660000000000000000e+02,1.740000000000000000e+02,1.000000000000000000e+00,4.640000000000000000e+02,2.180000000000000000e+02,1.000000000000000000e+00,5.580000000000000000e+02,1.740000000000000000e+02,1.000000000000000000e+00,2.970000000000000000e+02,3.780000000000000000e+02,1.000000000000000000e+00,2.540000000000000000e+02,3.780000000000000000e+02,1.000000000000000000e+00,3.402395248413085938e-01,-1.821199417114257812e+00,0.000000000000000000e+00,3.402395248413085938e-01,-1.821199417114257812e+00,0.000000000000000000e+00,3.450000000000000000e+02,3.780000000000000000e+02,1.000000000000000000e+00,3.402395248413085938e-01,-1.821199417114257812e+00,0.000000000000000000e+00,3.402395248413085938e-01,-1.821199417114257812e+00,0.000000000000000000e+00,2.810000000000000000e+02,8.700000000000000000e+01,1.000000000000000000e+00,3.120000000000000000e+02,8.700000000000000000e+01,1.000000000000000000e+00,2.640000000000000000e+02,1.030000000000000000e+02,1.000000000000000000e+00,3.320000000000000000e+02,9.500000000000000000e+01,1.000000000000000000e+00,3.402395248413085938e-01,-1.821199417114257812e+00,0.000000000000000000e+00,3.402395248413085938e-01,-1.821199417114257812e+00,0.000000000000000000e+00,3.402395248413085938e-01,-1.821199417114257812e+00,0.000000000000000000e+00,3.402395248413085938e-01,-1.821199417114257812e+00,0.000000000000000000e+00,3.402395248413085938e-01,-1.821199417114257812e+00,0.000000000000000000e+00,3.402395248413085938e-01,-1.821199417114257812e+00,0.000000000000000000e+00,2.043078921528990732e-01,1.985303201379682525e+00,2.281796320046029170e+00,2.618241120421907819e+00
2.990000000000000000e+02,1.010000000000000000e+02,1.000000000000000000e+00,3.060000000000000000e+02,1.800000000000000000e+02,1.000000000000000000e+00,2.440000000000000000e+02,1.790000000000000000e+02,1.000000000000000000e+00,2.020000000000000000e+02,2.790000000000000000e+02,1.000000000000000000e+00,2.490000000000000000e+02,2.110000000000000000e+02,1.000000000000000000e+00,3.640000000000000000e+02,1.730000000000000000e+02,1.000000000000000000e+00,4.650000000000000000e+02,2.140000000000000000e+02,1.000000000000000000e+00,5.580000000000000000e+02,1.670000000000000000e+02,1.000000000000000000e+00,2.970000000000000000e+02,3.780000000000000000e+02,1.000000000000000000e+00,2.540000000000000000e+02,3.780000000000000000e+02,1.000000000000000000e+00,1.145105361938476562e-01,-1.639110183715820312e+01,0.000000000000000000e+00,1.145105361938476562e-01,-1.639110183715820312e+01,0.000000000000000000e+00,3.450000000000000000e+02,3.780000000000000000e+02,1.000000000000000000e+00,1.145105361938476562e-01,-1.639110183715820312e+01,0.000000000000000000e+00,1.145105361938476562e-01,-1.639110183715820312e+01,0.000000000000000000e+00,2.810000000000000000e+02,8.700000000000000000e+01,1.000000000000000000e+00,3.120000000000000000e+02,8.700000000000000000e+01,1.000000000000000000e+00,2.640000000000000000e+02,1.030000000000000000e+02,1.000000000000000000e+00,3.320000000000000000e+02,9.500000000000000000e+01,1.000000000000000000e+00,1.145105361938476562e-01,-1.639110183715820312e+01,0.000000000000000000e+00,1.145105361938476562e-01,-1.639110183715820312e+01,0.000000000000000000e+00,1.145105361938476562e-01,-1.639110183715820312e+01,0.000000000000000000e+00,1.145105361938476562e-01,-1.639110183715820312e+01,0.000000000000000000e+00,1.145105361938476562e-01,-1.639110183715820312e+01,0.000000000000000000e+00,1.145105361938476562e-01,-1.639110183715820312e+01,0.000000000000000000e+00,2.071515612910508897e-01,1.952296684473389776e+00,2.288036160292324261e+00,2.635866852868228971e+00
2.990000000000000000e+02,1.010000000000000000e+02,1.000000000000000000e+00,3.050000000000000000e+02,1.800000000000000000e+02,1.000000000000000000e+00,2.440000000000000000e+02,1.780000000000000000e+02,1.000000000000000000e+00,2.030000000000000000e+02,2.780000000000000000e+02,1.000000000000000000e+00,2.500000000000000000e+02,2.090000000000000000e+02,1.000000000000000000e+00,3.640000000000000000e+02,1.730000000000000000e+02,1.000000000000000000e+00,4.660000000000000000e+02,2.100000000000000000e+02,1.000000000000000000e+00,5.560000000000000000e+02,1.630000000000000000e+02,1.000000000000000000e+00,2.970000000000000000e+02,3.780000000000000000e+02,1.000000000000000000e+00,2.540000000000000000e+02,3.780000000000000000e+02,1.000000000000000000e+00,6.491451263427734375e-01,-1.565356063842773438e+01,0.000000000000000000e+00,6.491451263427734375e-01,-1.565356063842773438e+01,0.000000000000000000e+00,3.450000000000000000e+02,3.780000000000000000e+02,1.000000000000000000e+00,6.491451263427734375e-01,-1.565356063842773438e+01,0.000000000000000000e+00,6.491451263427734375e-01,-1.565356063842773438e+01,0.000000000000000000e+00,2.810000000000000000e+02,8.700000000000000000e+01,1.000000000000000000e+00,3.120000000000000000e+02,8.700000000000000000e+01,1.000000000000000000e+00,2.640000000000000000e+02,1.030000000000000000e+02,1.000000000000000000e+00,3.320000000000000000e+02,9.500000000000000000e+01,1.000000000000000000e+00,6.491451263427734375e-01,-1.565356063842773438e+01,0.000000000000000000e+00,6.491451263427734375e-01,-1.565356063842773438e+01,0.000000000000000000e+00,6.491451263427734375e-01,-1.565356063842773438e+01,0.000000000000000000e+00,6.491451263427734375e-01,-1.565356063842773438e+01,0.000000000000000000e+00,6.491451263427734375e-01,-1.565356063842773438e+01,0.000000000000000000e+00,6.491451263427734375e-01,-1.565356063842773438e+01,0.000000000000000000e+00,2.088718198984957919e-01,1.927118413446099243e+00,2.312342120519527811e+00,2.675517022998865624e+00
2.990000000000000000e+02,1.010000000000000000e+02,1.000000000000000000e+00,3.040000000000000000e+02,1.800000000000000000e+02,1.000000000000000000e+00,2.440000000000000000e+02,1.780000000000000000e+02,1.000000000000000000e+00,2.030000000000000000e+02,2.800000000000000000e+02,1.000000000000000000e+00,2.510000000000000000e+02,2.090000000000000000e+02,1.000000000000000000e+00,3.640000000000000000e+02,1.730000000000000000e+02,1.000000000000000000e+00,4.640000000000000000e+02,2.070000000000000000e+02,1.000000000000000000e+00,5.550000000000000000e+02,1.600000000000000000e+02,1.000000000000000000e+00,2.970000000000000000e+02,3.780000000000000000e+02,1.000000000000000000e+00,2.540000000000000000e+02,3.780000000000000000e+02,1.000000000000000000e+00,6.415348052978515625e-01,-1.629793930053710938e+01,0.000000000000000000e+00,6.415348052978515625e-01,-1.629793930053710938e+01,0.000000000000000000e+00,3.450000000000000000e+02,3.780000000000000000e+02,1.000000000000000000e+00,6.415348052978515625e-01,-1.629793930053710938e+01,0.000000000000000000e+00,6.415348052978515625e-01,-1.629793930053710938e+01,0.000000000000000000e+00,2.810000000000000000e+02,8.700000000000000000e+01,1.000000000000000000e+00,3.120000000000000000e+02,8.700000000000000000e+01,1.000000000000000000e+00,2.640000000000000000e+02,1.030000000000000000e+02,1.000000000000000000e+00,3.320000000000000000e+02,9.500000000000000000e+01,1.000000000000000000e+00,6.415348052978515625e-01,-1.629793930053710938e+01,0.000000000000000000e+00,6.415348052978515625e-01,-1.629793930053710938e+01,0.000000000000000000e+00,6.415348052978515625e-01,-1.629793930053710938e+01,0.000000000000000000e+00,6.415348052978515625e-01,-1.629793930053710938e+01,0.000000000000000000e+00,6.415348052978515625e-01,-1.629793930053710938e+01,0.000000000000000000e+00,6.415348052978515625e-01,-1.629793930053710938e+01,0.000000000000000000e+00,2.122794403799285745e-01,1.919670895611584438e+00,2.337106850488654963e+00,2.697712519929247765e+00
2.990000000000000000e+02,1.010000000000000000e+02,1.000000000000000000e+00,3.050000000000000000e+02,1.800000000000000000e+02,1.000000000000000000e+00,2.450000000000000000e+02,1.790000000000000000e+02,1.000000000000000000e+00,2.040000000000000000e+02,2.820000000000000000e+02,1.000000000000000000e+00,2.530000000000000000e+02,2.110000000000000000e+02,1.000000000000000000e+00,3.640000000000000000e+02,1.730000000000000000e+02,1.000000000000000000e+00,4.640000000000000000e+02,2.040000000000000000e+02,1.000000000000000000e+00,5.540000000000000000e+02,1.550000000000000000e+02,1.000000000000000000e+00,2.970000000000000000e+02,3.780000000000000000e+02,1.000000000000000000e+00,2.540000000000000000e+02,3.780000000000000000e+02,1.000000000000000000e+00,7.377166748046875000e-01,-1.678176116943359375e+01,0.000000000000000000e+00,7.377166748046875000e-01,-1.678176116943359375e+01,0.000000000000000000e+00,3.450000000000000000e+02,3.780000000000000000e+02,1.000000000000000000e+00,7.377166748046875000e-01,-1.678176116943359375e+01,0.000000000000000000e+00,7.377166748046875000e-01,-1.678176116943359375e+01,0.000000000000000000e+00,2.810000000000000000e+02,8.700000000000000000e+01,1.000000000000000000e+00,3.120000000000000000e+02,8.700000000000000000e+01,1.000000000000000000e+00,2.640000000000000000e+02,1.030000000000000000e+02,1.000000000000000000e+00,3.320000000000000000e+02,9.500000000000000000e+01,1.000000000000000000e+00,7.377166748046875000e-01,-1.678176116943359375e+01,0.000000000000000000e+00,7.377166748046875000e-01,-1.678176116943359375e+01,0.000000000000000000e+00,7.377166748046875000e-01,-1.678176116943359375e+01,0.000000000000000000e+00,7.377166748046875000e-01,-1.678176116943359375e+01,0.000000000000000000e+00,7.377166748046875000e-01,-1.678176116943359375e+01,0.000000000000000000e+00,7.377166748046875000e-01,-1.678176116943359375e+01,0.000000000000000000e+00,2.252470521930516612e-01,1.932962539883862796e+00,2.342419077909180025e+00,2.722894955128303707e+00
2.990000000000000000e+02,1.010000000000000000e+02,1.000000000000000000e+00,3.020000000000000000e+02,1.810000000000000000e+02,1.000000000000000000e+00,2.470000000000000000e+02,1.800000000000000000e+02,1.000000000000000000e+00,2.030000000000000000e+02,2.840000000000000000e+02,1.000000000000000000e+00,2.530000000000000000e+02,2.190000000000000000e+02,1.000000000000000000e+00,3.630000000000000000e+02,1.730000000000000000e+02,1.000000000000000000e+00,4.640000000000000000e+02,2.020000000000000000e+02,1.000000000000000000e+00,5.450000000000000000e+02,1.590000000000000000e+02,1.000000000000000000e+00,2.970000000000000000e+02,3.780000000000000000e+02,1.000000000000000000e+00,2.540000000000000000e+02,3.780000000000000000e+02,1.000000000000000000e+00,1.311714172363281250e+00,-1.619798278808593750e+01,0.000000000000000000e+00,1.311714172363281250e+00,-1.619798278808593750e+01,0.000000000000000000e+00,3.450000000000000000e+02,3.780000000000000000e+02,1.000000000000000000e+00,1.311714172363281250e+00,-1.619798278808593750e+01,0.000000000000000000e+00,1.311714172363281250e+00,-1.619798278808593750e+01,0.000000000000000000e+00,2.810000000000000000e+02,8.700000000000000000e+01,1.000000000000000000e+00,3.120000000000000000e+02,8.700000000000000000e+01,1.000000000000000000e+00,2.640000000000000000e+02,1.030000000000000000e+02,1.000000000000000000e+00,3.320000000000000000e+02,9.500000000000000000e+01,1.000000000000000000e+00,1.311714172363281250e+00,-1.619798278808593750e+01,0.000000000000000000e+00,1.311714172363281250e+00,-1.619798278808593750e+01,0.000000000000000000e+00,1.311714172363281250e+00,-1.619798278808593750e+01,0.000000000000000000e+00,1.311714172363281250e+00,-1.619798278808593750e+01,0.000000000000000000e+00,1.311714172363281250e+00,-1.619798278808593750e+01,0.000000000000000000e+00,1.311714172363281250e+00,-1.619798278808593750e+01,0.000000000000000000e+00,2.554549692075620548e-01,1.952857168755892436e+00,2.373952787613223592e+00,2.731582497897615092e+00
2.990000000000000000e+02,1.010000000000000000e+02,1.000000000000000000e+00,3.010000000000000000e+02,1.810000000000000000e+02,1.000000000000000000e+00,2.480000000000000000e+02,1.810000000000000000e+02,1.000000000000000000e+00,2.030000000000000000e+02,2.850000000000000000e+02,1.000000000000000000e+00,2.570000000000000000e+02,2.290000000000000000e+02,1.000000000000000000e+00,3.630000000000000000e+02,1.730000000000000000e+02,1.000000000000000000e+00,4.670000000000000000e+02,2.000000000000000000e+02,1.000000000000000000e+00,5.490000000000000000e+02,1.550000000000000000e+02,1.000000000000000000e+00,2.970000000000000000e+02,3.780000000000000000e+02,1.000000000000000000e+00,2.540000000000000000e+02,3.780000000000000000e+02,1.000000000000000000e+00,2.067029953002929688e+00,-1.469497680664062500e+01,0.000000000000000000e+00,2.067029953002929688e+00,-1.469497680664062500e+01,0.000000000000000000e+00,3.450000000000000000e+02,3.780000000000000000e+02,1.000000000000000000e+00,2.067029953002929688e+00,-1.469497680664062500e+01,0.000000000000000000e+00,2.067029953002929688e+00,-1.469497680664062500e+01,0.000000000000000000e+00,2.810000000000000000e+02,8.700000000000000000e+01,1.000000000000000000e+00,3.120000000000000000e+02,8.700000000000000000e+01,1.000000000000000000e+00,2.640000000000000000e+02,1.030000000000000000e+02,1.000000000000000000e+00,3.320000000000000000e+02,9.500000000000000000e+01,1.000000000000000000e+00,2.067029953002929688e+00,-1.469497680664062500e+01,0.000000000000000000e+00,2.067029953002929688e+00,-1.469497680664062500e+01,0.000000000000000000e+00,2.067029953002929688e+00,-1.469497680664062500e+01,0.000000000000000000e+00,2.067029953002929688e+00,-1.469497680664062500e+01,0.000000000000000000e+00,2.067029953002929688e+00,-1.469497680664062500e+01,0.000000000000000000e+00,2.067029953002929688e+00,-1.469497680664062500e+01,0.000000000000000000e+00,3.588503303872382921e-01,1.979164344732128100e+00,2.385678447411206271e+00,2.759261662777404922e+00
2.990000000000000000e+02,1.010000000000000000e+02,1.000000000000000000e+00,3.020000000000000000e+02,1.810000000000000000e+02,1.000000000000000000e+00,2.480000000000000000e+02,1.820000000000000000e+02,1.000000000000000000e+00,2.020000000000000000e+02,2.870000000000000000e+02,1.000000000000000000e+00,2.670000000000000000e+02,2.390000000000000000e+02,1.000000000000000000e+00,3.630000000000000000e+02,1.730000000000000000e+02,1.000000000000000000e+00,4.670000000000000000e+02,1.990000000000000000e+02,1.000000000000000000e+00,5.510000000000000000e+02,1.510000000000000000e+02,1.000000000000000000e+00,2.970000000000000000e+02,3.780000000000000000e+02,1.000000000000000000e+00,2.540000000000000000e+02,3.780000000000000000e+02,1.000000000000000000e+00,1.095657348632812500e+00,-1.477924728393554688e+01,0.000000000000000000e+00,1.095657348632812500e+00,-1.477924728393554688e+01,0.000000000000000000e+00,3.450000000000000000e+02,3.780000000000000000e+02,1.000000000000000000e+00,1.095657348632812500e+00,-1.477924728393554688e+01,0.000000000000000000e+00,1.095657348632812500e+00,-1.477924728393554688e+01,0.000000000000000000e+00,2.810000000000000000e+02,8.700000000000000000e+01,1.000000000000000000e+00,3.120000000000000000e+02,8.700000000000000000e+01,1.000000000000000000e+00,2.640000000000000000e+02,1.030000000000000000e+02,1.000000000000000000e+00,3.320000000000000000e+02,9.600000000000000000e+01,1.000000000000000000e+00,1.095657348632812500e+00,-1.477924728393554688e+01,0.000000000000000000e+00,1.095657348632812500e+00,-1.477924728393554688e+01,0.000000000000000000e+00,1.095657348632812500e+00,-1.477924728393554688e+01,0.000000000000000000e+00,1.095657348632812500e+00,-1.477924728393554688e+01,0.000000000000000000e+00,1.095657348632812500e+00,-1.477924728393554688e+01,0.000000000000000000e+00,1.095657348632812500e+00,-1.477924728393554688e+01,0.000000000000000000e+00,5.218108820357995059e-01,2.002222670918251790e+00,2.377467876216406317e+00,2.766210682573795765e+00
2.990000000000000000e+02,1.010000000000000000e+02,1.000000000000000000e+00,3.020000000000000000e+02,1.810000000000000000e+02,1.000000000000000000e+00,2.480000000000000000e+02,1.830000000000000000e+02,1.000000000000000000e+00,1.970000000000000000e+02,2.780000000000000000e+02,1.000000000000000000e+00,2.520000000000000000e+02,2.640000000000000000e+02,1.000000000000000000e+00,3.630000000000000000e+02,1.730000000000000000e+02,1.000000000000000000e+00,4.670000000000000000e+02,1.980000000000000000e+02,1.000000000000000000e+00,5.520000000000000000e+02,1.510000000000000000e+02,1.000000000000000000e+00,2.970000000000000000e+02,3.780000000000000000e+02,1.000000000000000000e+00,2.540000000000000000e+02,3.780000000000000000e+02,1.000000000000000000e+00,1.970176696777343750e-01,-2.187983322143554688e+01,0.000000000000000000e+00,1.970176696777343750e-01,-2.187983322143554688e+01,0.000000000000000000e+00,3.450000000000000000e+02,3.780000000000000000e+02,1.000000000000000000e+00,1.970176696777343750e-01,-2.187983322143554688e+01,0.000000000000000000e+00,1.970176696777343750e-01,-2.187983322143554688e+01,0.000000000000000000e+00,2.810000000000000000e+02,8.700000000000000000e+01,1.000000000000000000e+00,3.120000000000000000e+02,8.700000000000000000e+01,1.000000000000000000e+00,2.640000000000000000e+02,1.030000000000000000e+02,1.000000000000000000e+00,3.320000000000000000e+02,9.600000000000000000e+01,1.000000000000000000e+00,1.970176696777343750e-01,-2.187983322143554688e+01,0.000000000000000000e+00,1.970176696777343750e-01,-2.187983322143554688e+01,0.000000000000000000e+00,1.970176696777343750e-01,-2.187983322143554688e+01,0.000000000000000000e+00,1.970176696777343750e-01,-2.187983322143554688e+01,0.000000000000000000e+00,1.970176696777343750e-01,-2.187983322143554688e+01,0.000000000000000000e+00,1.970176696777343750e-01,-2.187983322143554688e+01,0.000000000000000000e+00,8.288590972362317455e-01,2.100501530842277642e+00,2.400585529462324619e+00,2.775280728632188332e+00
2.990000000000000000e+02,1.020000000000000000e+02,1.000000000000000000e+00,3.010000000000000000e+02,1.810000000000000000e+02,1.000000000000000000e+00,2.480000000000000000e+02,1.830000000000000000e+02,1.000000000000000000e+00,1.990000000000000000e+02,2.680000000000000000e+02,1.000000000000000000e+00,2.170000000000000000e+02,2.780000000000000000e+02,1.000000000000000000e+00,3.630000000000000000e+02,1.730000000000000000e+02,1.000000000000000000e+00,4.670000000000000000e+02,1.970000000000000000e+02,1.000000000000000000e+00,5.530000000000000000e+02,1.510000000000000000e+02,1.000000000000000000e+00,2.980000000000000000e+02,3.780000000000000000e+02,1.000000000000000000e+00,2.540000000000000000e+02,3.780000000000000000e+02,1.000000000000000000e+00,-6.159591674804687500e-02,-2.239334869384765625e+01,0.000000000000000000e+00,-6.159591674804687500e-02,-2.239334869384765625e+01,0.000000000000000000e+00,3.470000000000000000e+02,3.780000000000000000e+02,1.000000000000000000e+00,-6.159591674804687500e-02,-2.239334869384765625e+01,0.000000000000000000e+00,-6.159591674804687500e-02,-2.239334869384765625e+01,0.000000000000000000e+00,2.810000000000000000e+02,8.700000000000000000e+01,1.000000000000000000e+00,3.120000000000000000e+02,8.700000000000000000e+01,1.000000000000000000e+00,2.640000000000000000e+02,1.030000000000000000e+02,1.000000000000000000e+00,3.320000000000000000e+02,9.600000000000000000e+01,1.000000000000000000e+00,-6.159591674804687500e-02,-2.239334869384765625e+01,0.000000000000000000e+00,-6.159591674804687500e-02,-2.239334869384765625e+01,0.000000000000000000e+00,-6.159591674804687500e-02,-2.239334869384765625e+01,0.000000000000000000e+00,-6.159591674804687500e-02,-2.239334869384765625e+01,0.000000000000000000e+00,-6.159591674804687500e-02,-2.239334869384765625e+01,0.000000000000000000e+00,-6.159591674804687500e-02,-2.239334869384765625e+01,0.000000000000000000e+00,1.554956067616061643e+00,2.131453042832932798e+00,2.423630207249646951e+00,2.786470577850112207e+00
2.980000000000000000e+02,1.020000000000000000e+02,1.000000000000000000e+00,3.010000000000000000e+02,1.810000000000000000e+02,1.000000000000000000e+00,2.470000000000000000e+02,1.830000000000000000e+02,1.000000000000000000e+00,2.020000000000000000e+02,2.700000000000000000e+02,1.000000000000000000e+00,2.720000000000000000e+02,2.860000000000000000e+02,1.000000000000000000e+00,3.630000000000000000e+02,1.730000000000000000e+02,1.000000000000000000e+00,4.670000000000000000e+02,1.960000000000000000e+02,1.000000000000000000e+00,5.520000000000000000e+02,1.510000000000000000e+02,1.000000000000000000e+00,2.990000000000000000e+02,3.780000000000000000e+02,1.000000000000000000e+00,2.530000000000000000e+02,3.780000000000000000e+02,1.000000000000000000e+00,4.914722442626953125e-01,-2.118387603759765625e+01,0.000000000000000000e+00,4.914722442626953125e-01,-2.118387603759765625e+01,0.000000000000000000e+00,3.460000000000000000e+02,3.780000000000000000e+02,1.000000000000000000e+00,4.914722442626953125e-01,-2.118387603759765625e+01,0.000000000000000000e+00,4.914722442626953125e-01,-2.118387603759765625e+01,0.000000000000000000e+00,2.810000000000000000e+02,8.700000000000000000e+01,1.000000000000000000e+00,3.120000000000000000e+02,8.700000000000000000e+01,1.000000000000000000e+00,2.640000000000000000e+02,1.030000000000000000e+02,1.000000000000000000e+00,3.310000000000000000e+02,9.900000000000000000e+01,1.000000000000000000e+00,4.914722442626953125e-01,-2.118387603759765625e+01,0.000000000000000000e+00,4.914722442626953125e-01,-2.118387603759765625e+01,0.000000000000000000e+00,4.914722442626953125e-01,-2.118387603759765625e+01,0.000000000000000000e+00,4.914722442626953125e-01,-2.118387603759765625e+01,0.000000000000000000e+00,4.914722442626953125e-01,-2.118387603759765625e+01,0.000000000000000000e+00,4.914722442626953125e-01,-2.118387603759765625e+01,0.000000000000000000e+00,1.318162112835867372e+00,2.085161825042498585e+00,2.437042805491481001e+00,2.795618809616955414e+00
2.980000000000000000e+02,1.020000000000000000e+02,1.000000000000000000e+00,3.010000000000000000e+02,1.810000000000000000e+02,1.000000000000000000e+00,2.470000000000000000e+02,1.830000000000000000e+02,1.000000000000000000e+00,2.010000000000000000e+02,2.750000000000000000e+02,1.000000000000000000e+00,2.700000000000000000e+02,2.920000000000000000e+02,1.000000000000000000e+00,3.630000000000000000e+02,1.730000000000000000e+02,1.000000000000000000e+00,4.680000000000000000e+02,1.950000000000000000e+02,1.000000000000000000e+00,5.520000000000000000e+02,1.510000000000000000e+02,1.000000000000000000e+00,2.960000000000000000e+02,3.780000000000000000e+02,1.000000000000000000e+00,2.520000000000000000e+02,3.780000000000000000e+02,1.000000000000000000e+00,7.761497497558593750e-01,-2.037091064453125000e+01,0.000000000000000000e+00,7.761497497558593750e-01,-2.037091064453125000e+01,0.000000000000000000e+00,3.460000000000000000e+02,3.780000000000000000e+02,1.000000000000000000e+00,7.761497497558593750e-01,-2.037091064453125000e+01,0.000000000000000000e+00,7.761497497558593750e-01,-2.037091064453125000e+01,0.000000000000000000e+00,2.810000000000000000e+02,8.700000000000000000e+01,1.000000000000000000e+00,3.120000000000000000e+02,8.700000000000000000e+01,1.000000000000000000e+00,2.640000000000000000e+02,1.030000000000000000e+02,1.000000000000000000e+00,3.310000000000000000e+02,9.900000000000000000e+01,1.000000000000000000e+00,7.761497497558593750e-01,-2.037091064453125000e+01,0.000000000000000000e+00,7.761497497558593750e-01,-2.037091064453125000e+01,0.000000000000000000e+00,7.761497497558593750e-01,-2.037091064453125000e+01,0.000000000000000000e+00,7.761497497558593750e-01,-2.037091064453125000e+01,0.000000000000000000e+00,7.761497497558593750e-01,-2.037091064453125000e+01,0.000000000000000000e+00,7.761497497558593750e-01,-2.037091064453125000e+01,0.000000000000000000e+00,1.348714424889416508e+00,2.071464051669632767e+00,2.452543285461640465e+00,2.806733352798322478e+00
2.980000000000000000e+02,1.010000000000000000e+02,1.000000000000000000e+00,3.010000000000000000e+02,1.810000000000000000e+02,1.000000000000000000e+00,2.470000000000000000e+02,1.830000000000000000e+02,1.000000000000000000e+00,2.000000000000000000e+02,2.740000000000000000e+02,1.000000000000000000e+00,2.660000000000000000e+02,2.860000000000000000e+02,1.000000000000000000e+00,3.630000000000000000e+02,1.730000000000000000e+02,1.000000000000000000e+00,4.670000000000000000e+02,1.950000000000000000e+02,1.000000000000000000e+00,5.520000000000000000e+02,1.510000000000000000e+02,1.000000000000000000e+00,2.960000000000000000e+02,3.780000000000000000e+02,1.000000000000000000e+00,2.510000000000000000e+02,3.780000000000000000e+02,1.000000000000000000e+00,8.312397003173828125e-01,-2.094456863403320312e+01,0.000000000000000000e+00,8.312397003173828125e-01,-2.094456863403320312e+01,0.000000000000000000e+00,3.460000000000000000e+02,3.780000000000000000e+02,1.000000000000000000e+00,8.312397003173828125e-01,-2.094456863403320312e+01,0.000000000000000000e+00,8.312397003173828125e-01,-2.094456863403320312e+01,0.000000000000000000e+00,2.810000000000000000e+02,8.600000000000000000e+01,1.000000000000000000e+00,3.120000000000000000e+02,8.700000000000000000e+01,1.000000000000000000e+00,2.640000000000000000e+02,1.030000000000000000e+02,1.000000000000000000e+00,3.310000000000000000e+02,9.900000000000000000e+01,1.000000000000000000e+00,8.312397003173828125e-01,-2.094456863403320312e+01,0.000000000000000000e+00,8.312397003173828125e-01,-2.094456863403320312e+01,0.000000000000000000e+00,8.312397003173828125e-01,-2.094456863403320312e+01,0.000000000000000000e+00,8.312397003173828125e-01,-2.094456863403320312e+01,0.000000000000000000e+00,8.312397003173828125e-01,-2.094456863403320312e+01,0.000000000000000000e+00,8.312397003173828125e-01,-2.094456863403320312e+01,0.000000000000000000e+00,1.273902530266791677e+00,2.084563738989409831e+00,2.455462052847056320e+00,2.804804207524010717e+00
2.980000000000000000e+02,1.000000000000000000e+02,1.000000000000000000e+00,3.010000000000000000e+02,1.810000000000000000e+02,1.000000000000000000e+00,2.470000000000000000e+02,1.830000000000000000e+02,1.000000000000000000e+00,1.990000000000000000e+02,2.700000000000000000e+02,1.000000000000000000e+00,2.630000000000000000e+02,2.740000000000000000e+02,1.000000000000000000e+00,3.630000000000000000e+02,1.730000000000000000e+02,1.000000000000000000e+00,4.670000000000000000e+02,1.950000000000000000e+02,1.000000000000000000e+00,5.500000000000000000e+02,1.510000000000000000e+02,1.000000000000000000e+00,2.960000000000000000e+02,3.780000000000000000e+02,1.000000000000000000e+00,2.500000000000000000e+02,3.780000000000000000e+02,1.000000000000000000e+00,1.048835754394531250e+00,-1.954489135742187500e+01,0.000000000000000000e+00,1.048835754394531250e+00,-1.954489135742187500e+01,0.000000000000000000e+00,3.460000000000000000e+02,3.780000000000000000e+02,1.000000000000000000e+00,1.048835754394531250e+00,-1.954489135742187500e+01,0.000000000000000000e+00,1.048835754394531250e+00,-1.954489135742187500e+01,0.000000000000000000e+00,2.810000000000000000e+02,8.500000000000000000e+01,1.000000000000000000e+00,3.120000000000000000e+02,8.600000000000000000e+01,1.000000000000000000e+00,2.640000000000000000e+02,1.020000000000000000e+02,1.000000000000000000e+00,3.310000000000000000e+02,9.800000000000000000e+01,1.000000000000000000e+00,1.048835754394531250e+00,-1.954489135742187500e+01,0.000000000000000000e+00,1.048835754394531250e+00,-1.954489135742187500e+01,0.000000000000000000e+00,1.048835754394531250e+00,-1.954489135742187500e+01,0.000000000000000000e+00,1.048835754394531250e+00,-1.954489135742187500e+01,0.000000000000000000e+00,1.048835754394531250e+00,-1.954489135742187500e+01,0.000000000000000000e+00,1.048835754394531250e+00,-1.954489135742187500e+01,0.000000000000000000e+00,1.129049175311700903e+00,2.111982404147979775e+00,2.445674800023929230e+00,2.804804207524010717e+00
2.980000000000000000e+02,9.900000000000000000e+01,1.000000000000000000e+00,3.010000000000000000e+02,1.810000000000000000e+02,1.000000000000000000e+00,2.460000000000000000e+02,1.820000000000000000e+02,1.000000000000000000e+00,1.970000000000000000e+02,2.800000000000000000e+02,1.000000000000000000e+00,2.520000000000000000e+02,2.640000000000000000e+02,1.000000000000000000e+00,3.630000000000000000e+02,1.730000000000000000e+02,1.000000000000000000e+00,4.670000000000000000e+02,1.950000000000000000e+02,1.000000000000000000e+00,5.530000000000000000e+02,1.500000000000000000e+02,1.000000000000000000e+00,2.990000000000000000e+02,3.780000000000000000e+02,1.000000000000000000e+00,2.510000000000000000e+02,3.780000000000000000e+02,1.000000000000000000e+00,7.374382019042968750e-01,-1.944293975830078125e+01,0.000000000000000000e+00,7.374382019042968750e-01,-1.944293975830078125e+01,0.000000000000000000e+00,3.460000000000000000e+02,3.780000000000000000e+02,1.000000000000000000e+00,7.374382019042968750e-01,-1.944293975830078125e+01,0.000000000000000000e+00,7.374382019042968750e-01,-1.944293975830078125e+01,0.000000000000000000e+00,2.810000000000000000e+02,8.400000000000000000e+01,1.000000000000000000e+00,3.120000000000000000e+02,8.500000000000000000e+01,1.000000000000000000e+00,2.640000000000000000e+02,1.010000000000000000e+02,1.000000000000000000e+00,3.310000000000000000e+02,9.700000000000000000e+01,1.000000000000000000e+00,7.374382019042968750e-01,-1.944293975830078125e+01,0.000000000000000000e+00,7.374382019042968750e-01,-1.944293975830078125e+01,0.000000000000000000e+00,7.374382019042968750e-01,-1.944293975830078125e+01,0.000000000000000000e+00,7.374382019042968750e-01,-1.944293975830078125e+01,0.000000000000000000e+00,7.374382019042968750e-01,-1.944293975830078125e+01,0.000000000000000000e+00,7.374382019042968750e-01,-1.944293975830078125e+01,0.000000000000000000e+00,8.240529324945949918e-01,2.052623750868681096e+00,2.451048733814900515e+00,2.804804207524010717e+00
2.980000000000000000e+02,9.800000000000000000e+01,1.000000000000000000e+00,3.010000000000000000e+02,1.800000000000000000e+02,1.000000000000000000e+00,2.460000000000000000e+02,1.810000000000000000e+02,1.000000000000000000e+00,1.950000000000000000e+02,2.750000000000000000e+02,1.000000000000000000e+00,2.500000000000000000e+02,2.490000000000000000e+02,1.000000000000000000e+00,3.630000000000000000e+02,1.730000000000000000e+02,1.000000000000000000e+00,4.640000000000000000e+02,1.950000000000000000e+02,1.000000000000000000e+00,5.520000000000000000e+02,1.490000000000000000e+02,1.000000000000000000e+00,2.990000000000000000e+02,3.780000000000000000e+02,1.000000000000000000e+00,2.510000000000000000e+02,3.780000000000000000e+02,1.000000000000000000e+00,7.343502044677734375e-01,-1.943745422363281250e+01,0.000000000000000000e+00,7.343502044677734375e-01,-1.943745422363281250e+01,0.000000000000000000e+00,3.420000000000000000e+02,3.780000000000000000e+02,1.000000000000000000e+00,7.343502044677734375e-01,-1.943745422363281250e+01,0.000000000000000000e+00,7.343502044677734375e-01,-1.943745422363281250e+01,0.000000000000000000e+00,2.810000000000000000e+02,8.300000000000000000e+01,1.000000000000000000e+00,3.120000000000000000e+02,8.400000000000000000e+01,1.000000000000000000e+00,2.640000000000000000e+02,1.000000000000000000e+02,1.000000000000000000e+00,3.310000000000000000e+02,9.700000000000000000e+01,1.000000000000000000e+00,7.343502044677734375e-01,-1.943745422363281250e+01,0.000000000000000000e+00,7.343502044677734375e-01,-1.943745422363281250e+01,0.000000000000000000e+00,7.343502044677734375e-01,-1.943745422363281250e+01,0.000000000000000000e+00,7.343502044677734375e-01,-1.943745422363281250e+01,0.000000000000000000e+00,7.343502044677734375e-01,-1.943745422363281250e+01,0.000000000000000000e+00,7.343502044677734375e-01,-1.943745422363281250e+01,0.000000000000000000e+00,6.320960450371490014e-01,2.086084061318330907e+00,2.445457277286692044e+00,2.814693824011363699e+00
2.980000000000000000e+02,9.700000000000000000e+01,1.000000000000000000e+00,3.010000000000000000e+02,1.800000000000000000e+02,1.000000000000000000e+00,2.440000000000000000e+02,1.820000000000000000e+02,1.000000000000000000e+00,1.990000000000000000e+02,2.820000000000000000e+02,1.000000000000000000e+00,2.520000000000000000e+02,2.340000000000000000e+02,1.000000000000000000e+00,3.630000000000000000e+02,1.730000000000000000e+02,1.000000000000000000e+00,4.640000000000000000e+02,1.960000000000000000e+02,1.000000000000000000e+00,5.510000000000000000e+02,1.480000000000000000e+02,1.000000000000000000e+00,2.990000000000000000e+02,3.780000000000000000e+02,1.000000000000000000e+00,2.510000000000000000e+02,3.780000000000000000e+02,1.000000000000000000e+00,5.236797332763671875e-01,-3.290788269042968750e+01,0.000000000000000000e+00,5.236797332763671875e-01,-3.290788269042968750e+01,0.000000000000000000e+00,3.420000000000000000e+02,3.780000000000000000e+02,1.000000000000000000e+00,5.236797332763671875e-01,-3.290788269042968750e+01,0.000000000000000000e+00,5.236797332763671875e-01,-3.290788269042968750e+01,0.000000000000000000e+00,2.820000000000000000e+02,8.500000000000000000e+01,1.000000000000000000e+00,3.120000000000000000e+02,8.300000000000000000e+01,1.000000000000000000e+00,2.640000000000000000e+02,1.000000000000000000e+02,1.000000000000000000e+00,3.310000000000000000e+02,9.600000000000000000e+01,1.000000000000000000e+00,5.236797332763671875e-01,-3.290788269042968750e+01,0.000000000000000000e+00,5.236797332763671875e-01,-3.290788269042968750e+01,0.000000000000000000e+00,5.236797332763671875e-01,-3.290788269042968750e+01,0.000000000000000000e+00,5.236797332763671875e-01,-3.290788269042968750e+01,0.000000000000000000e+00,5.236797332763671875e-01,-3.290788269042968750e+01,0.000000000000000000e+00,5.236797332763671875e-01,-3.290788269042968750e+01,0.000000000000000000e+00,4.120088058660989483e-01,2.028723583461062852e+00,2.413522191980290721e+00,2.805261022629253809e+00
2.980000000000000000e+02,9.700000000000000000e+01,1.000000000000000000e+00,3.010000000000000000e+02,1.800000000000000000e+02,1.000000000000000000e+00,2.440000000000000000e+02,1.820000000000000000e+02,1.000000000000000000e+00,1.980000000000000000e+02,2.800000000000000000e+02,1.000000000000000000e+00,2.470000000000000000e+02,2.230000000000000000e+02,1.000000000000000000e+00,3.630000000000000000e+02,1.730000000000000000e+02,1.000000000000000000e+00,4.640000000000000000e+02,1.970000000000000000e+02,1.000000000000000000e+00,5.500000000000000000e+02,1.480000000000000000e+02,1.000000000000000000e+00,2.980000000000000000e+02,3.780000000000000000e+02,1.000000000000000000e+00,2.510000000000000000e+02,3.780000000000000000e+02,1.000000000000000000e+00,8.156967163085937500e-02,-3.310991668701171875e+01,0.000000000000000000e+00,8.156967163085937500e-02,-3.310991668701171875e+01,0.000000000000000000e+00,3.420000000000000000e+02,3.780000000000000000e+02,1.000000000000000000e+00,8.156967163085937500e-02,-3.310991668701171875e+01,0.000000000000000000e+00,8.156967163085937500e-02,-3.310991668701171875e+01,0.000000000000000000e+00,2.820000000000000000e+02,8.500000000000000000e+01,1.000000000000000000e+00,3.120000000000000000e+02,8.300000000000000000e+01,1.000000000000000000e+00,2.640000000000000000e+02,1.000000000000000000e+02,1.000000000000000000e+00,3.310000000000000000e+02,9.600000000000000000e+01,1.000000000000000000e+00,8.156967163085937500e-02,-3.310991668701171875e+01,0.000000000000000000e+00,8.156967163085937500e-02,-3.310991668701171875e+01,0.000000000000000000e+00,8.156967163085937500e-02,-3.310991668701171875e+01,0.000000000000000000e+00,8.156967163085937500e-02,-3.310991668701171875e+01,0.000000000000000000e+00,8.156967163085937500e-02,-3.310991668701171875e+01,0.000000000000000000e+00,8.156967163085937500e-02,-3.310991668701171875e+01,0.000000000000000000e+00,2.712099736056012289e-01,2.044728956291628652e+00,2.390402719982775093e+00,2.795868571222975607e+00
2.980000000000000000e+02,9.700000000000000000e+01,1.000000000000000000e+00,3.010000000000000000e+02,1.800000000000000000e+02,1.000000000000000000e+00,2.440000000000000000e+02,1.820000000000000000e+02,1.000000000000000000e+00,2.000000000000000000e+02,2.820000000000000000e+02,1.000000000000000000e+00,2.010000000000000000e+02,2.680000000000000000e+02,1.000000000000000000e+00,3.630000000000000000e+02,1.730000000000000000e+02,1.000000000000000000e+00,4.630000000000000000e+02,1.980000000000000000e+02,1.000000000000000000e+00,5.490000000000000000e+02,1.490000000000000000e+02,1.000000000000000000e+00,2.980000000000000000e+02,3.780000000000000000e+02,1.000000000000000000e+00,2.510000000000000000e+02,3.780000000000000000e+02,1.000000000000000000e+00,-9.739303588867187500e-02,-3.414721679687500000e+01,0.000000000000000000e+00,-9.739303588867187500e-02,-3.414721679687500000e+01,0.000000000000000000e+00,3.420000000000000000e+02,3.780000000000000000e+02,1.000000000000000000e+00,-9.739303588867187500e-02,-3.414721679687500000e+01,0.000000000000000000e+00,-9.739303588867187500e-02,-3.414721679687500000e+01,0.000000000000000000e+00,2.820000000000000000e+02,8.500000000000000000e+01,1.000000000000000000e+00,3.120000000000000000e+02,8.300000000000000000e+01,1.000000000000000000e+00,2.640000000000000000e+02,1.000000000000000000e+02,1.000000000000000000e+00,3.310000000000000000e+02,9.600000000000000000e+01,1.000000000000000000e+00,-9.739303588867187500e-02,-3.414721679687500000e+01,0.000000000000000000e+00,-9.739303588867187500e-02,-3.414721679687500000e+01,0.000000000000000000e+00,-9.739303588867187500e-02,-3.414721679687500000e+01,0.000000000000000000e+00,-9.739303588867187500e-02,-3.414721679687500000e+01,0.000000000000000000e+00,-9.739303588867187500e-02,-3.414721679687500000e+01,0.000000000000000000e+00,-9.739303588867187500e-02,-3.414721679687500000e+01,0.000000000000000000e+00,3.431994097994954807e-01,2.020376531912908113e+00,2.378721008392537861e+00,2.784186859632738820e+00
2.980000000000000000e+02,9.700000000000000000e+01,1.000000000000000000e+00,3.010000000000000000e+02,1.800000000000000000e+02,1.000000000000000000e+00,2.440000000000000000e+02,1.820000000000000000e+02,1.000000000000000000e+00,2.010000000000000000e+02,2.830000000000000000e+02,1.000000000000000000e+00,2.480000000000000000e+02,2.240000000000000000e+02,1.000000000000000000e+00,3.630000000000000000e+02,1.730000000000000000e+02,1.000000000000000000e+00,4.650000000000000000e+02,1.990000000000000000e+02,1.000000000000000000e+00,5.480000000000000000e+02,1.500000000000000000e+02,1.000000000000000000e+00,2.980000000000000000e+02,3.780000000000000000e+02,1.000000000000000000e+00,2.510000000000000000e+02,3.780000000000000000e+02,1.000000000000000000e+00,-3.014755249023437500e-01,-3.385370635986328125e+01,0.000000000000000000e+00,-3.014755249023437500e-01,-3.385370635986328125e+01,0.000000000000000000e+00,3.420000000000000000e+02,3.780000000000000000e+02,1.000000000000000000e+00,-3.014755249023437500e-01,-3.385370635986328125e+01,0.000000000000000000e+00,-3.014755249023437500e-01,-3.385370635986328125e+01,0.000000000000000000e+00,2.820000000000000000e+02,8.500000000000000000e+01,1.000000000000000000e+00,3.120000000000000000e+02,8.300000000000000000e+01,1.000000000000000000e+00,2.640000000000000000e+02,1.000000000000000000e+02,1.000000000000000000e+00,3.310000000000000000e+02,9.600000000000000000e+01,1.000000000000000000e+00,-3.014755249023437500e-01,-3.385370635986328125e+01,0.000000000000000000e+00,-3.014755249023437500e-01,-3.385370635986328125e+01,0.000000000000000000e+00,-3.014755249023437500e-01,-3.385370635986328125e+01,0.000000000000000000e+00,-3.014755249023437500e-01,-3.385370635986328125e+01,0.000000000000000000e+00,-3.014755249023437500e-01,-3.385370635986328125e+01,0.000000000000000000e+00,-3.014755249023437500e-01,-3.385370635986328125e+01,0.000000000000000000e+00,2.701711054555656077e-01,2.008369103679626733e+00,2.358703545423434633e+00,2.779578597322618805e+00
2.980000000000000000e+02,9.700000000000000000e+01,1.000000000000000000e+00,3.000000000000000000e+02,1.800000000000000000e+02,1.000000000000000000e+00,2.440000000000000000e+02,1.820000000000000000e+02,1.000000000000000000e+00,2.020000000000000000e+02,2.870000000000000000e+02,1.000000000000000000e+00,2.470000000000000000e+02,2.300000000000000000e+02,1.000000000000000000e+00,3.630000000000000000e+02,1.740000000000000000e+02,1.000000000000000000e+00,4.640000000000000000e+02,2.000000000000000000e+02,1.000000000000000000e+00,5.470000000000000000e+02,1.510000000000000000e+02,1.000000000000000000e+00,2.980000000000000000e+02,3.780000000000000000e+02,1.000000000000000000e+00,2.510000000000000000e+02,3.780000000000000000e+02,1.000000000000000000e+00,-1.556774139404296875e+00,-3.563923645019531250e+01,0.000000000000000000e+00,-1.556774139404296875e+00,-3.563923645019531250e+01,0.000000000000000000e+00,3.430000000000000000e+02,3.780000000000000000e+02,1.000000000000000000e+00,-1.556774139404296875e+00,-3.563923645019531250e+01,0.000000000000000000e+00,-1.556774139404296875e+00,-3.563923645019531250e+01,0.000000000000000000e+00,2.820000000000000000e+02,8.500000000000000000e+01,1.000000000000000000e+00,3.120000000000000000e+02,8.400000000000000000e+01,1.000000000000000000e+00,2.640000000000000000e+02,1.000000000000000000e+02,1.000000000000000000e+00,3.310000000000000000e+02,9.600000000000000000e+01,1.000000000000000000e+00,-1.556774139404296875e+00,-3.563923645019531250e+01,0.000000000000000000e+00,-1.556774139404296875e+00,-3.563923645019531250e+01,0.000000000000000000e+00,-1.556774139404296875e+00,-3.563923645019531250e+01,0.000000000000000000e+00,-1.556774139404296875e+00,-3.563923645019531250e+01,0.000000000000000000e+00,-1.556774139404296875e+00,-3.563923645019531250e+01,0.000000000000000000e+00,-1.556774139404296875e+00,-3.563923645019531250e+01,0.000000000000000000e+00,2.877830417182190015e-01,1.987001816586585479e+00,2.356335176741782611e+00,2.794685653128400560e+00
2.980000000000000000e+02,9.700000000000000000e+01,1.000000000000000000e+00,2.990000000000000000e+02,1.800000000000000000e+02,1.000000000000000000e+00,2.430000000000000000e+02,1.830000000000000000e+02,1.000000000000000000e+00,2.020000000000000000e+02,2.880000000000000000e+02,1.000000000000000000e+00,2.520000000000000000e+02,2.370000000000000000e+02,1.000000000000000000e+00,3.630000000000000000e+02,1.740000000000000000e+02,1.000000000000000000e+00,4.630000000000000000e+02,2.020000000000000000e+02,1.000000000000000000e+00,5.430000000000000000e+02,1.550000000000000000e+02,1.000000000000000000e+00,2.980000000000000000e+02,3.780000000000000000e+02,1.000000000000000000e+00,2.510000000000000000e+02,3.780000000000000000e+02,1.000000000000000000e+00,-1.171989440917968750e+00,-3.544499206542968750e+01,0.000000000000000000e+00,-1.171989440917968750e+00,-3.544499206542968750e+01,0.000000000000000000e+00,3.430000000000000000e+02,3.780000000000000000e+02,1.000000000000000000e+00,-1.171989440917968750e+00,-3.544499206542968750e+01,0.000000000000000000e+00,-1.171989440917968750e+00,-3.544499206542968750e+01,0.000000000000000000e+00,2.830000000000000000e+02,8.500000000000000000e+01,1.000000000000000000e+00,3.120000000000000000e+02,8.400000000000000000e+01,1.000000000000000000e+00,2.640000000000000000e+02,1.000000000000000000e+02,1.000000000000000000e+00,3.310000000000000000e+02,9.600000000000000000e+01,1.000000000000000000e+00,-1.171989440917968750e+00,-3.544499206542968750e+01,0.000000000000000000e+00,-1.171989440917968750e+00,-3.544499206542968750e+01,0.000000000000000000e+00,-1.171989440917968750e+00,-3.544499206542968750e+01,0.000000000000000000e+00,-1.171989440917968750e+00,-3.544499206542968750e+01,0.000000000000000000e+00,-1.171989440917968750e+00,-3.544499206542968750e+01,0.000000000000000000e+00,-1.171989440917968750e+00,-3.544499206542968750e+01,0.000000000000000000e+00,4.032281656904133094e-01,1.996585926373258602e+00,2.337406331277317673e+00,2.775107169344492863e+00
2.980000000000000000e+02,9.800000000000000000e+01,1.000000000000000000e+00,2.990000000000000000e+02,1.800000000000000000e+02,1.000000000000000000e+00,2.430000000000000000e+02,1.840000000000000000e+02,1.000000000000000000e+00,2.010000000000000000e+02,2.890000000000000000e+02,1.000000000000000000e+00,2.590000000000000000e+02,2.500000000000000000e+02,1.000000000000000000e+00,3.630000000000000000e+02,1.740000000000000000e+02,1.000000000000000000e+00,4.620000000000000000e+02,2.040000000000000000e+02,1.000000000000000000e+00,5.410000000000000000e+02,1.570000000000000000e+02,1.000000000000000000e+00,2.980000000000000000e+02,3.780000000000000000e+02,1.000000000000000000e+00,2.510000000000000000e+02,3.780000000000000000e+02,1.000000000000000000e+00,-1.679756164550781250e+00,-3.566699981689453125e+01,0.000000000000000000e+00,-1.679756164550781250e+00,-3.566699981689453125e+01,0.000000000000000000e+00,3.420000000000000000e+02,3.780000000000000000e+02,1.000000000000000000e+00,-1.679756164550781250e+00,-3.566699981689453125e+01,0.000000000000000000e+00,-1.679756164550781250e+00,-3.566699981689453125e+01,0.000000000000000000e+00,2.830000000000000000e+02,8.600000000000000000e+01,1.000000000000000000e+00,3.120000000000000000e+02,8.500000000000000000e+01,1.000000000000000000e+00,2.640000000000000000e+02,1.000000000000000000e+02,1.000000000000000000e+00,3.310000000000000000e+02,9.700000000000000000e+01,1.000000000000000000e+00,-1.679756164550781250e+00,-3.566699981689453125e+01,0.000000000000000000e+00,-1.679756164550781250e+00,-3.566699981689453125e+01,0.000000000000000000e+00,-1.679756164550781250e+00,-3.566699981689453125e+01,0.000000000000000000e+00,-1.679756164550781250e+00,-3.566699981689453125e+01,0.000000000000000000e+00,-1.679756164550781250e+00,-3.566699981689453125e+01,0.000000000000000000e+00,-1.679756164550781250e+00,-3.566699981689453125e+01,0.000000000000000000e+00,5.983191129959306576e-01,2.022610168692551724e+00,2.310669914174679818e+00,2.753881307320016347e+00
2.980000000000000000e+02,9.900000000000000000e+01,1.000000000000000000e+00,2.990000000000000000e+02,1.800000000000000000e+02,1.000000000000000000e+00,2.430000000000000000e+02,1.840000000000000000e+02,1.000000000000000000e+00,1.950000000000000000e+02,2.800000000000000000e+02,1.000000000000000000e+00,2.500000000000000000e+02,2.700000000000000000e+02,1.000000000000000000e+00,3.630000000000000000e+02,1.740000000000000000e+02,1.000000000000000000e+00,4.610000000000000000e+02,2.060000000000000000e+02,1.000000000000000000e+00,5.420000000000000000e+02,1.570000000000000000e+02,1.000000000000000000e+00,2.980000000000000000e+02,3.780000000000000000e+02,1.000000000000000000e+00,2.510000000000000000e+02,3.780000000000000000e+02,1.000000000000000000e+00,-1.279895782470703125e+00,-3.349872589111328125e+01,0.000000000000000000e+00,-1.279895782470703125e+00,-3.349872589111328125e+01,0.000000000000000000e+00,3.420000000000000000e+02,3.780000000000000000e+02,1.000000000000000000e+00,-1.279895782470703125e+00,-3.349872589111328125e+01,0.000000000000000000e+00,-1.279895782470703125e+00,-3.349872589111328125e+01,0.000000000000000000e+00,2.830000000000000000e+02,8.700000000000000000e+01,1.000000000000000000e+00,3.120000000000000000e+02,8.600000000000000000e+01,1.000000000000000000e+00,2.640000000000000000e+02,1.000000000000000000e+02,1.000000000000000000e+00,3.310000000000000000e+02,9.800000000000000000e+01,1.000000000000000000e+00,-1.279895782470703125e+00,-3.349872589111328125e+01,0.000000000000000000e+00,-1.279895782470703125e+00,-3.349872589111328125e+01,0.000000000000000000e+00,-1.279895782470703125e+00,-3.349872589111328125e+01,0.000000000000000000e+00,-1.279895782470703125e+00,-3.349872589111328125e+01,0.000000000000000000e+00,-1.279895782470703125e+00,-3.349872589111328125e+01,0.000000000000000000e+00,-1.279895782470703125e+00,-3.349872589111328125e+01,0.000000000000000000e+00,9.272952180016122981e-01,2.105751400580992971e+00,2.281934318728982447e+00,2.732500210392437623e+00
2.980000000000000000e+02,9.900000000000000000e+01,1.000000000000000000e+00,2.990000000000000000e+02,1.800000000000000000e+02,1.000000000000000000e+00,2.430000000000000000e+02,1.840000000000000000e+02,1.000000000000000000e+00,1.950000000000000000e+02,2.820000000000000000e+02,1.000000000000000000e+00,2.650000000000000000e+02,2.810000000000000000e+02,1.000000000000000000e+00,3.630000000000000000e+02,1.740000000000000000e+02,1.000000000000000000e+00,4.610000000000000000e+02,2.070000000000000000e+02,1.000000000000000000e+00,5.420000000000000000e+02,1.590000000000000000e+02,1.000000000000000000e+00,2.980000000000000000e+02,3.780000000000000000e+02,1.000000000000000000e+00,2.510000000000000000e+02,3.780000000000000000e+02,1.000000000000000000e+00,-1.838672637939453125e+00,-3.442630767822265625e+01,0.000000000000000000e+00,-1.838672637939453125e+00,-3.442630767822265625e+01,0.000000000000000000e+00,3.420000000000000000e+02,3.780000000000000000e+02,1.000000000000000000e+00,-1.838672637939453125e+00,-3.442630767822265625e+01,0.000000000000000000e+00,-1.838672637939453125e+00,-3.442630767822265625e+01,0.000000000000000000e+00,2.830000000000000000e+02,8.700000000000000000e+01,1.000000000000000000e+00,3.120000000000000000e+02,8.700000000000000000e+01,1.000000000000000000e+00,2.640000000000000000e+02,1.000000000000000000e+02,1.000000000000000000e+00,3.310000000000000000e+02,9.900000000000000000e+01,1.000000000000000000e+00,-1.838672637939453125e+00,-3.442630767822265625e+01,0.000000000000000000e+00,-1.838672637939453125e+00,-3.442630767822265625e+01,0.000000000000000000e+00,-1.838672637939453125e+00,-3.442630767822265625e+01,0.000000000000000000e+00,-1.838672637939453125e+00,-3.442630767822265625e+01,0.000000000000000000e+00,-1.838672637939453125e+00,-3.442630767822265625e+01,0.000000000000000000e+00,-1.838672637939453125e+00,-3.442630767822265625e+01,0.000000000000000000e+00,1.101060512956606452e+00,2.097554862831080502e+00,2.281828930964595603e+00,2.723307223592102311e+00
2.980000000000000000e+02,9.900000000000000000e+01,1.000000000000000000e+00,2.990000000000000000e+02,1.800000000000000000e+02,1.000000000000000000e+00,2.430000000000000000e+02,1.840000000000000000e+02,1.000000000000000000e+00,1.980000000000000000e+02,2.790000000000000000e+02,1.000000000000000000e+00,2.640000000000000000e+02,2.960000000000000000e+02,1.000000000000000000e+00,3.630000000000000000e+02,1.740000000000000000e+02,1.000000000000000000e+00,4.610000000000000000e+02,2.070000000000000000e+02,1.000000000000000000e+00,5.420000000000000000e+02,1.600000000000000000e+02,1.000000000000000000e+00,2.980000000000000000e+02,3.800000000000000000e+02,1.000000000000000000e+00,2.490000000000000000e+02,3.800000000000000000e+02,1.000000000000000000e+00,-2.023128509521484375e+00,-3.486549377441406250e+01,0.000000000000000000e+00,-2.023128509521484375e+00,-3.486549377441406250e+01,0.000000000000000000e+00,3.420000000000000000e+02,3.780000000000000000e+02,1.000000000000000000e+00,-2.023128509521484375e+00,-3.486549377441406250e+01,0.000000000000000000e+00,-2.023128509521484375e+00,-3.486549377441406250e+01,0.000000000000000000e+00,2.830000000000000000e+02,8.700000000000000000e+01,1.000000000000000000e+00,3.120000000000000000e+02,8.700000000000000000e+01,1.000000000000000000e+00,2.640000000000000000e+02,1.000000000000000000e+02,1.000000000000000000e+00,3.310000000000000000e+02,9.900000000000000000e+01,1.000000000000000000e+00,-2.023128509521484375e+00,-3.486549377441406250e+01,0.000000000000000000e+00,-2.023128509521484375e+00,-3.486549377441406250e+01,0.000000000000000000e+00,-2.023128509521484375e+00,-3.486549377441406250e+01,0.000000000000000000e+00,-2.023128509521484375e+00,-3.486549377441406250e+01,0.000000000000000000e+00,-2.023128509521484375e+00,-3.486549377441406250e+01,0.000000000000000000e+00,-2.023128509521484375e+00,-3.486549377441406250e+01,0.000000000000000000e+00,1.380518084486225705e+00,2.084478014556931935e+00,2.291015470761501138e+00,2.723307223592102311e+00
2.980000000000000000e+02,9.900000000000000000e+01,1.000000000000000000e+00,2.990000000000000000e+02,1.800000000000000000e+02,1.000000000000000000e+00,2.440000000000000000e+02,1.840000000000000000e+02,1.000000000000000000e+00,1.990000000000000000e+02,2.700000000000000000e+02,1.000000000000000000e+00,2.140000000000000000e+02,2.820000000000000000e+02,1.000000000000000000e+00,3.630000000000000000e+02,1.740000000000000000e+02,1.000000000000000000e+00,4.610000000000000000e+02,2.070000000000000000e+02,1.000000000000000000e+00,5.450000000000000000e+02,1.580000000000000000e+02,1.000000000000000000e+00,2.960000000000000000e+02,3.760000000000000000e+02,1.000000000000000000e+00,2.480000000000000000e+02,3.800000000000000000e+02,1.000000000000000000e+00,-2.755084991455078125e+00,-3.506995391845703125e+01,0.000000000000000000e+00,-2.755084991455078125e+00,-3.506995391845703125e+01,0.000000000000000000e+00,3.400000000000000000e+02,3.780000000000000000e+02,1.000000000000000000e+00,-2.755084991455078125e+00,-3.506995391845703125e+01,0.000000000000000000e+00,-2.755084991455078125e+00,-3.506995391845703125e+01,0.000000000000000000e+00,2.830000000000000000e+02,8.700000000000000000e+01,1.000000000000000000e+00,3.120000000000000000e+02,8.700000000000000000e+01,1.000000000000000000e+00,2.640000000000000000e+02,1.000000000000000000e+02,1.000000000000000000e+00,3.310000000000000000e+02,9.900000000000000000e+01,1.000000000000000000e+00,-2.755084991455078125e+00,-3.506995391845703125e+01,0.000000000000000000e+00,-2.755084991455078125e+00,-3.506995391845703125e+01,0.000000000000000000e+00,-2.755084991455078125e+00,-3.506995391845703125e+01,0.000000000000000000e+00,-2.755084991455078125e+00,-3.506995391845703125e+01,0.000000000000000000e+00,-2.755084991455078125e+00,-3.506995391845703125e+01,0.000000000000000000e+00,-2.755084991455078125e+00,-3.506995391845703125e+01,0.000000000000000000e+00,1.763458567623544360e+00,2.125474481920296199e+00,2.288709556324332262e+00,2.723307223592102311e+00
2.980000000000000000e+02,9.800000000000000000e+01,1.000000000000000000e+00,2.990000000000000000e+02,1.800000000000000000e+02,1.000000000000000000e+00,2.430000000000000000e+02,1.850000000000000000e+02,1.000000000000000000e+00,1.990000000000000000e+02,2.710000000000000000e+02,1.000000000000000000e+00,2.620000000000000000e+02,3.020000000000000000e+02,1.000000000000000000e+00,3.630000000000000000e+02,1.740000000000000000e+02,1.000000000000000000e+00,4.610000000000000000e+02,2.070000000000000000e+02,1.000000000000000000e+00,5.470000000000000000e+02,1.570000000000000000e+02,1.000000000000000000e+00,3.010000000000000000e+02,3.740000000000000000e+02,1.000000000000000000e+00,2.480000000000000000e+02,3.800000000000000000e+02,1.000000000000000000e+00,-3.802383422851562500e+00,-3.577793884277343750e+01,0.000000000000000000e+00,-3.802383422851562500e+00,-3.577793884277343750e+01,0.000000000000000000e+00,3.400000000000000000e+02,3.780000000000000000e+02,1.000000000000000000e+00,-3.802383422851562500e+00,-3.577793884277343750e+01,0.000000000000000000e+00,-3.802383422851562500e+00,-3.577793884277343750e+01,0.000000000000000000e+00,2.830000000000000000e+02,8.600000000000000000e+01,1.000000000000000000e+00,3.120000000000000000e+02,8.600000000000000000e+01,1.000000000000000000e+00,2.640000000000000000e+02,1.000000000000000000e+02,1.000000000000000000e+00,3.310000000000000000e+02,9.900000000000000000e+01,1.000000000000000000e+00,-3.802383422851562500e+00,-3.577793884277343750e+01,0.000000000000000000e+00,-3.802383422851562500e+00,-3.577793884277343750e+01,0.000000000000000000e+00,-3.802383422851562500e+00,-3.577793884277343750e+01,0.000000000000000000e+00,-3.802383422851562500e+00,-3.577793884277343750e+01,0.000000000000000000e+00,-3.802383422851562500e+00,-3.577793884277343750e+01,0.000000000000000000e+00,-3.802383422851562500e+00,-3.577793884277343750e+01,0.000000000000000000e+00,1.555167991514110337e+00,2.132752513092323721e+00,2.290156733316941473e+00,2.723307223592102311e+00
2.980000000000000000e+02,9.600000000000000000e+01,1.000000000000000000e+00,2.990000000000000000e+02,1.800000000000000000e+02,1.000000000000000000e+00,2.430000000000000000e+02,1.850000000000000000e+02,1.000000000000000000e+00,1.990000000000000000e+02,2.730000000000000000e+02,1.000000000000000000e+00,2.640000000000000000e+02,2.960000000000000000e+02,1.000000000000000000e+00,3.630000000000000000e+02,1.740000000000000000e+02,1.000000000000000000e+00,4.610000000000000000e+02,2.070000000000000000e+02,1.000000000000000000e+00,5.470000000000000000e+02,1.570000000000000000e+02,1.000000000000000000e+00,2.960000000000000000e+02,3.840000000000000000e+02,1.000000000000000000e+00,2.500000000000000000e+02,3.820000000000000000e+02,1.000000000000000000e+00,-3.044742584228515625e+00,-3.532918548583984375e+01,0.000000000000000000e+00,-3.044742584228515625e+00,-3.532918548583984375e+01,0.000000000000000000e+00,3.440000000000000000e+02,3.780000000000000000e+02,1.000000000000000000e+00,-3.044742584228515625e+00,-3.532918548583984375e+01,0.000000000000000000e+00,-3.044742584228515625e+00,-3.532918548583984375e+01,0.000000000000000000e+00,2.830000000000000000e+02,8.500000000000000000e+01,1.000000000000000000e+00,3.120000000000000000e+02,8.500000000000000000e+01,1.000000000000000000e+00,2.640000000000000000e+02,9.900000000000000000e+01,1.000000000000000000e+00,3.310000000000000000e+02,1.010000000000000000e+02,1.000000000000000000e+00,-3.044742584228515625e+00,-3.532918548583984375e+01,0.000000000000000000e+00,-3.044742584228515625e+00,-3.532918548583984375e+01,0.000000000000000000e+00,-3.044742584228515625e+00,-3.532918548583984375e+01,0.000000000000000000e+00,-3.044742584228515625e+00,-3.532918548583984375e+01,0.000000000000000000e+00,-3.044742584228515625e+00,-3.532918548583984375e+01,0.000000000000000000e+00,-3.044742584228515625e+00,-3.532918548583984375e+01,0.000000000000000000e+00,1.447245837303853033e+00,2.123493518430200400e+00,2.290156733316941473e+00,2.723307223592102311e+00
2.980000000000000000e+02,9.400000000000000000e+01,1.000000000000000000e+00,2.990000000000000000e+02,1.800000000000000000e+02,1.000000000000000000e+00,2.430000000000000000e+02,1.850000000000000000e+02,1.000000000000000000e+00,2.000000000000000000e+02,2.700000000000000000e+02,1.000000000000000000e+00,2.660000000000000000e+02,2.820000000000000000e+02,1.000000000000000000e+00,3.630000000000000000e+02,1.740000000000000000e+02,1.000000000000000000e+00,4.610000000000000000e+02,2.070000000000000000e+02,1.000000000000000000e+00,5.470000000000000000e+02,1.580000000000000000e+02,1.000000000000000000e+00,2.970000000000000000e+02,3.810000000000000000e+02,1.000000000000000000e+00,2.500000000000000000e+02,3.820000000000000000e+02,1.000000000000000000e+00,-3.176181793212890625e+00,-3.685757446289062500e+01,0.000000000000000000e+00,-3.176181793212890625e+00,-3.685757446289062500e+01,0.000000000000000000e+00,3.460000000000000000e+02,3.780000000000000000e+02,1.000000000000000000e+00,-3.176181793212890625e+00,-3.685757446289062500e+01,0.000000000000000000e+00,-3.176181793212890625e+00,-3.685757446289062500e+01,0.000000000000000000e+00,2.830000000000000000e+02,8.300000000000000000e+01,1.000000000000000000e+00,3.120000000000000000e+02,8.400000000000000000e+01,1.000000000000000000e+00,2.660000000000000000e+02,1.010000000000000000e+02,1.000000000000000000e+00,3.310000000000000000e+02,1.000000000000000000e+02,1.000000000000000000e+00,-3.176181793212890625e+00,-3.685757446289062500e+01,0.000000000000000000e+00,-3.176181793212890625e+00,-3.685757446289062500e+01,0.000000000000000000e+00,-3.176181793212890625e+00,-3.685757446289062500e+01,0.000000000000000000e+00,-3.176181793212890625e+00,-3.685757446289062500e+01,0.000000000000000000e+00,-3.176181793212890625e+00,-3.685757446289062500e+01,0.000000000000000000e+00,-3.176181793212890625e+00,-3.685757446289062500e+01,0.000000000000000000e+00,1.282307416399073530e+00,2.128188319617695612e+00,2.298891022680300988e+00,2.723307223592102311e+00
2.980000000000000000e+02,9.200000000000000000e+01,1.000000000000000000e+00,2.990000000000000000e+02,1.800000000000000000e+02,1.000000000000000000e+00,2.420000000000000000e+02,1.840000000000000000e+02,1.000000000000000000e+00,1.990000000000000000e+02,2.780000000000000000e+02,1.000000000000000000e+00,2.680000000000000000e+02,2.650000000000000000e+02,1.000000000000000000e+00,3.630000000000000000e+02,1.740000000000000000e+02,1.000000000000000000e+00,4.610000000000000000e+02,2.070000000000000000e+02,1.000000000000000000e+00,5.490000000000000000e+02,1.570000000000000000e+02,1.000000000000000000e+00,2.960000000000000000e+02,3.810000000000000000e+02,1.000000000000000000e+00,2.520000000000000000e+02,3.820000000000000000e+02,1.000000000000000000e+00,-3.435070037841796875e+00,-3.637847900390625000e+01,0.000000000000000000e+00,-3.435070037841796875e+00,-3.637847900390625000e+01,0.000000000000000000e+00,3.440000000000000000e+02,3.780000000000000000e+02,1.000000000000000000e+00,-3.435070037841796875e+00,-3.637847900390625000e+01,0.000000000000000000e+00,-3.435070037841796875e+00,-3.637847900390625000e+01,0.000000000000000000e+00,2.830000000000000000e+02,8.200000000000000000e+01,1.000000000000000000e+00,3.120000000000000000e+02,8.300000000000000000e+01,1.000000000000000000e+00,2.660000000000000000e+02,1.000000000000000000e+02,1.000000000000000000e+00,3.310000000000000000e+02,1.000000000000000000e+02,1.000000000000000000e+00,-3.435070037841796875e+00,-3.637847900390625000e+01,0.000000000000000000e+00,-3.435070037841796875e+00,-3.637847900390625000e+01,0.000000000000000000e+00,-3.435070037841796875e+00,-3.637847900390625000e+01,0.000000000000000000e+00,-3.435070037841796875e+00,-3.637847900390625000e+01,0.000000000000000000e+00,-3.435070037841796875e+00,-3.637847900390625000e+01,0.000000000000000000e+00,-3.435070037841796875e+00,-3.637847900390625000e+01,0.000000000000000000e+00,9.555440763387101910e-01,2.069886319478396963e+00,2.300088865988414444e+00,2.723307223592102311e+00
2.980000000000000000e+02,9.000000000000000000e+01,1.000000000000000000e+00,2.990000000000000000e+02,1.800000000000000000e+02,1.000000000000000000e+00,2.420000000000000000e+02,1.830000000000000000e+02,1.000000000000000000e+00,2.010000000000000000e+02,2.840000000000000000e+02,1.000000000000000000e+00,2.660000000000000000e+02,2.480000000000000000e+02,1.000000000000000000e+00,3.630000000000000000e+02,1.740000000000000000e+02,1.000000000000000000e+00,4.610000000000000000e+02,2.070000000000000000e+02,1.000000000000000000e+00,5.460000000000000000e+02,1.590000000000000000e+02,1.000000000000000000e+00,2.970000000000000000e+02,3.810000000000000000e+02,1.000000000000000000e+00,2.520000000000000000e+02,3.820000000000000000e+02,1.000000000000000000e+00,-3.841629028320312500e+00,-3.638308715820312500e+01,0.000000000000000000e+00,-3.841629028320312500e+00,-3.638308715820312500e+01,0.000000000000000000e+00,3.440000000000000000e+02,3.780000000000000000e+02,1.000000000000000000e+00,-3.841629028320312500e+00,-3.638308715820312500e+01,0.000000000000000000e+00,-3.841629028320312500e+00,-3.638308715820312500e+01,0.000000000000000000e+00,2.820000000000000000e+02,8.100000000000000000e+01,1.000000000000000000e+00,3.120000000000000000e+02,8.200000000000000000e+01,1.000000000000000000e+00,2.660000000000000000e+02,9.900000000000000000e+01,1.000000000000000000e+00,3.310000000000000000e+02,9.900000000000000000e+01,1.000000000000000000e+00,-3.841629028320312500e+00,-3.638308715820312500e+01,0.000000000000000000e+00,-3.841629028320312500e+00,-3.638308715820312500e+01,0.000000000000000000e+00,-3.841629028320312500e+00,-3.638308715820312500e+01,0.000000000000000000e+00,-3.841629028320312500e+00,-3.638308715820312500e+01,0.000000000000000000e+00,-3.841629028320312500e+00,-3.638308715820312500e+01,0.000000000000000000e+00,-3.841629028320312500e+00,-3.638308715820312500e+01,0.000000000000000000e+00,6.793879460458416286e-01,2.008996453560489837e+00,2.302720438861064700e+00,2.723307223592102311e+00
2.980000000000000000e+02,8.900000000000000000e+01,1.000000000000000000e+00,2.990000000000000000e+02,1.800000000000000000e+02,1.000000000000000000e+00,2.420000000000000000e+02,1.830000000000000000e+02,1.000000000000000000e+00,2.020000000000000000e+02,2.810000000000000000e+02,1.000000000000000000e+00,2.630000000000000000e+02,2.340000000000000000e+02,1.000000000000000000e+00,3.630000000000000000e+02,1.740000000000000000e+02,1.000000000000000000e+00,4.610000000000000000e+02,2.080000000000000000e+02,1.000000000000000000e+00,5.350000000000000000e+02,1.670000000000000000e+02,1.000000000000000000e+00,2.970000000000000000e+02,3.810000000000000000e+02,1.000000000000000000e+00,2.520000000000000000e+02,3.820000000000000000e+02,1.000000000000000000e+00,-2.928916931152343750e+00,-3.550086212158203125e+01,0.000000000000000000e+00,-2.928916931152343750e+00,-3.550086212158203125e+01,0.000000000000000000e+00,3.430000000000000000e+02,3.780000000000000000e+02,1.000000000000000000e+00,-2.928916931152343750e+00,-3.550086212158203125e+01,0.000000000000000000e+00,-2.928916931152343750e+00,-3.550086212158203125e+01,0.000000000000000000e+00,2.820000000000000000e+02,8.000000000000000000e+01,1.000000000000000000e+00,3.120000000000000000e+02,8.100000000000000000e+01,1.000000000000000000e+00,2.660000000000000000e+02,9.800000000000000000e+01,1.000000000000000000e+00,3.310000000000000000e+02,9.900000000000000000e+01,1.000000000000000000e+00,-2.928916931152343750e+00,-3.550086212158203125e+01,0.000000000000000000e+00,-2.928916931152343750e+00,-3.550086212158203125e+01,0.000000000000000000e+00,-2.928916931152343750e+00,-3.550086212158203125e+01,0.000000000000000000e+00,-2.928916931152343750e+00,-3.550086212158203125e+01,0.000000000000000000e+00,-2.928916931152343750e+00,-3.550086212158203125e+01,0.000000000000000000e+00,-2.928916931152343750e+00,-3.550086212158203125e+01,0.000000000000000000e+00,5.267851293011608371e-01,2.010903194186117293e+00,2.301697182473823045e+00,2.714170800586309884e+00
2.980000000000000000e+02,8.900000000000000000e+01,1.000000000000000000e+00,2.990000000000000000e+02,1.800000000000000000e+02,1.000000000000000000e+00,2.420000000000000000e+02,1.830000000000000000e+02,1.000000000000000000e+00,2.030000000000000000e+02,2.840000000000000000e+02,1.000000000000000000e+00,2.570000000000000000e+02,2.270000000000000000e+02,1.000000000000000000e+00,3.630000000000000000e+02,1.740000000000000000e+02,1.000000000000000000e+00,4.610000000000000000e+02,2.090000000000000000e+02,1.000000000000000000e+00,5.350000000000000000e+02,1.680000000000000000e+02,1.000000000000000000e+00,2.970000000000000000e+02,3.810000000000000000e+02,1.000000000000000000e+00,2.520000000000000000e+02,3.800000000000000000e+02,1.000000000000000000e+00,-3.104290008544921875e+00,-3.588560485839843750e+01,0.000000000000000000e+00,-3.104290008544921875e+00,-3.588560485839843750e+01,0.000000000000000000e+00,3.430000000000000000e+02,3.780000000000000000e+02,1.000000000000000000e+00,-3.104290008544921875e+00,-3.588560485839843750e+01,0.000000000000000000e+00,-3.104290008544921875e+00,-3.588560485839843750e+01,0.000000000000000000e+00,2.820000000000000000e+02,7.900000000000000000e+01,1.000000000000000000e+00,3.120000000000000000e+02,8.100000000000000000e+01,1.000000000000000000e+00,2.660000000000000000e+02,9.700000000000000000e+01,1.000000000000000000e+00,3.310000000000000000e+02,9.900000000000000000e+01,1.000000000000000000e+00,-3.104290008544921875e+00,-3.588560485839843750e+01,0.000000000000000000e+00,-3.104290008544921875e+00,-3.588560485839843750e+01,0.000000000000000000e+00,-3.104290008544921875e+00,-3.588560485839843750e+01,0.000000000000000000e+00,-3.104290008544921875e+00,-3.588560485839843750e+01,0.000000000000000000e+00,-3.104290008544921875e+00,-3.588560485839843750e+01,0.000000000000000000e+00,-3.104290008544921875e+00,-3.588560485839843750e+01,0.000000000000000000e+00,3.898776212226291449e-01,1.991879481393392881e+00,2.292618313898013849e+00,2.705091932010500244e+00
2.980000000000000000e+02,8.900000000000000000e+01,1.000000000000000000e+00,2.990000000000000000e+02,1.800000000000000000e+02,1.000000000000000000e+00,2.390000000000000000e+02,1.840000000000000000e+02,1.000000000000000000e+00,2.090000000000000000e+02,2.940000000000000000e+02,1.000000000000000000e+00,2.520000000000000000e+02,2.320000000000000000e+02,1.000000000000000000e+00,3.630000000000000000e+02,1.740000000000000000e+02,1.000000000000000000e+00,4.610000000000000000e+02,2.100000000000000000e+02,1.000000000000000000e+00,5.380000000000000000e+02,1.670000000000000000e+02,1.000000000000000000e+00,2.970000000000000000e+02,3.790000000000000000e+02,1.000000000000000000e+00,2.510000000000000000e+02,3.800000000000000000e+02,1.000000000000000000e+00,-1.754276275634765625e+00,-3.436478424072265625e+01,0.000000000000000000e+00,-1.754276275634765625e+00,-3.436478424072265625e+01,0.000000000000000000e+00,3.430000000000000000e+02,3.780000000000000000e+02,1.000000000000000000e+00,-1.754276275634765625e+00,-3.436478424072265625e+01,0.000000000000000000e+00,-1.754276275634765625e+00,-3.436478424072265625e+01,0.000000000000000000e+00,2.820000000000000000e+02,7.900000000000000000e+01,1.000000000000000000e+00,3.120000000000000000e+02,8.100000000000000000e+01,1.000000000000000000e+00,2.660000000000000000e+02,9.700000000000000000e+01,1.000000000000000000e+00,3.310000000000000000e+02,9.900000000000000000e+01,1.000000000000000000e+00,-1.754276275634765625e+00,-3.436478424072265625e+01,0.000000000000000000e+00,-1.754276275634765625e+00,-3.436478424072265625e+01,0.000000000000000000e+00,-1.754276275634765625e+00,-3.436478424072265625e+01,0.000000000000000000e+00,-1.754276275634765625e+00,-3.436478424072265625e+01,0.000000000000000000e+00,-1.754276275634765625e+00,-3.436478424072265625e+01,0.000000000000000000e+00,-1.754276275634765625e+00,-3.436478424072265625e+01,0.000000000000000000e+00,3.401308372250370082e-01,1.903616539721645795e+00,2.280247195272364191e+00,2.696071558115786804e+00
2.980000000000000000e+02,9.000000000000000000e+01,1.000000000000000000e+00,2.980000000000000000e+02,1.800000000000000000e+02,1.000000000000000000e+00,2.390000000000000000e+02,1.850000000000000000e+02,1.000000000000000000e+00,2.090000000000000000e+02,2.950000000000000000e+02,1.000000000000000000e+00,2.500000000000000000e+02,2.330000000000000000e+02,1.000000000000000000e+00,3.630000000000000000e+02,1.740000000000000000e+02,1.000000000000000000e+00,4.610000000000000000e+02,2.110000000000000000e+02,1.000000000000000000e+00,5.380000000000000000e+02,1.680000000000000000e+02,1.000000000000000000e+00,2.960000000000000000e+02,3.790000000000000000e+02,1.000000000000000000e+00,2.510000000000000000e+02,3.800000000000000000e+02,1.000000000000000000e+00,-2.443309783935546875e+00,-3.421269989013671875e+01,0.000000000000000000e+00,-2.443309783935546875e+00,-3.421269989013671875e+01,0.000000000000000000e+00,3.430000000000000000e+02,3.780000000000000000e+02,1.000000000000000000e+00,-2.443309783935546875e+00,-3.421269989013671875e+01,0.000000000000000000e+00,-2.443309783935546875e+00,-3.421269989013671875e+01,0.000000000000000000e+00,2.820000000000000000e+02,8.000000000000000000e+01,1.000000000000000000e+00,3.120000000000000000e+02,8.200000000000000000e+01,1.000000000000000000e+00,2.660000000000000000e+02,9.700000000000000000e+01,1.000000000000000000e+00,3.310000000000000000e+02,1.000000000000000000e+02,1.000000000000000000e+00,-2.443309783935546875e+00,-3.421269989013671875e+01,0.000000000000000000e+00,-2.443309783935546875e+00,-3.421269989013671875e+01,0.000000000000000000e+00,-2.443309783935546875e+00,-3.421269989013671875e+01,0.000000000000000000e+00,-2.443309783935546875e+00,-3.421269989013671875e+01,0.000000000000000000e+00,-2.443309783935546875e+00,-3.421269989013671875e+01,0.000000000000000000e+00,-2.443309783935546875e+00,-3.421269989013671875e+01,0.000000000000000000e+00,3.180192284299829808e-01,1.921592131458820241e+00,2.271286206165318955e+00,2.688540501303923858e+00
2.980000000000000000e+02,9.100000000000000000e+01,1.000000000000000000e+00,2.960000000000000000e+02,1.800000000000000000e+02,1.000000000000000000e+00,2.390000000000000000e+02,1.860000000000000000e+02,1.000000000000000000e+00,2.090000000000000000e+02,2.960000000000000000e+02,1.000000000000000000e+00,2.640000000000000000e+02,2.320000000000000000e+02,1.000000000000000000e+00,3.630000000000000000e+02,1.740000000000000000e+02,1.000000000000000000e+00,4.610000000000000000e+02,2.110000000000000000e+02,1.000000000000000000e+00,5.380000000000000000e+02,1.690000000000000000e+02,1.000000000000000000e+00,2.960000000000000000e+02,3.790000000000000000e+02,1.000000000000000000e+00,2.510000000000000000e+02,3.800000000000000000e+02,1.000000000000000000e+00,-2.984428405761718750e+00,-3.463084411621093750e+01,0.000000000000000000e+00,-2.984428405761718750e+00,-3.463084411621093750e+01,0.000000000000000000e+00,3.430000000000000000e+02,3.780000000000000000e+02,1.000000000000000000e+00,-2.984428405761718750e+00,-3.463084411621093750e+01,0.000000000000000000e+00,-2.984428405761718750e+00,-3.463084411621093750e+01,0.000000000000000000e+00,2.820000000000000000e+02,8.100000000000000000e+01,1.000000000000000000e+00,3.120000000000000000e+02,8.300000000000000000e+01,1.000000000000000000e+00,2.660000000000000000e+02,9.800000000000000000e+01,1.000000000000000000e+00,3.310000000000000000e+02,1.010000000000000000e+02,1.000000000000000000e+00,-2.984428405761718750e+00,-3.463084411621093750e+01,0.000000000000000000e+00,-2.984428405761718750e+00,-3.463084411621093750e+01,0.000000000000000000e+00,-2.984428405761718750e+00,-3.463084411621093750e+01,0.000000000000000000e+00,-2.984428405761718750e+00,-3.463084411621093750e+01,0.000000000000000000e+00,-2.984428405761718750e+00,-3.463084411621093750e+01,0.000000000000000000e+00,-2.984428405761718750e+00,-3.463084411621093750e+01,0.000000000000000000e+00,4.436595693125993112e-01,1.941925314676056002e+00,2.281240628487200439e+00,2.691273357174108316e+00
2.980000000000000000e+02,9.200000000000000000e+01,1.000000000000000000e+00,2.970000000000000000e+02,1.800000000000000000e+02,1.000000000000000000e+00,2.390000000000000000e+02,1.870000000000000000e+02,1.000000000000000000e+00,2.040000000000000000e+02,2.940000000000000000e+02,1.000000000000000000e+00,2.680000000000000000e+02,2.450000000000000000e+02,1.000000000000000000e+00,3.630000000000000000e+02,1.740000000000000000e+02,1.000000000000000000e+00,4.610000000000000000e+02,2.110000000000000000e+02,1.000000000000000000e+00,5.420000000000000000e+02,1.670000000000000000e+02,1.000000000000000000e+00,2.960000000000000000e+02,3.790000000000000000e+02,1.000000000000000000e+00,2.510000000000000000e+02,3.800000000000000000e+02,1.000000000000000000e+00,-1.439941406250000000e+00,-3.395182800292968750e+01,0.000000000000000000e+00,-1.439941406250000000e+00,-3.395182800292968750e+01,0.000000000000000000e+00,3.420000000000000000e+02,3.780000000000000000e+02,1.000000000000000000e+00,-1.439941406250000000e+00,-3.395182800292968750e+01,0.000000000000000000e+00,-1.439941406250000000e+00,-3.395182800292968750e+01,0.000000000000000000e+00,2.820000000000000000e+02,8.200000000000000000e+01,1.000000000000000000e+00,3.120000000000000000e+02,8.400000000000000000e+01,1.000000000000000000e+00,2.660000000000000000e+02,9.900000000000000000e+01,1.000000000000000000e+00,3.310000000000000000e+02,1.020000000000000000e+02,1.000000000000000000e+00,-1.439941406250000000e+00,-3.395182800292968750e+01,0.000000000000000000e+00,-1.439941406250000000e+00,-3.395182800292968750e+01,0.000000000000000000e+00,-1.439941406250000000e+00,-3.395182800292968750e+01,0.000000000000000000e+00,-1.439941406250000000e+00,-3.395182800292968750e+01,0.000000000000000000e+00,-1.439941406250000000e+00,-3.395182800292968750e+01,0.000000000000000000e+00,-1.439941406250000000e+00,-3.395182800292968750e+01,0.000000000000000000e+00,6.012373496424475716e-01,2.007037698333496323e+00,2.282972228488101329e+00,2.689927462966585470e+00
2.980000000000000000e+02,9.400000000000000000e+01,1.000000000000000000e+00,2.970000000000000000e+02,1.800000000000000000e+02,1.000000000000000000e+00,2.390000000000000000e+02,1.870000000000000000e+02,1.000000000000000000e+00,1.990000000000000000e+02,2.820000000000000000e+02,1.000000000000000000e+00,2.660000000000000000e+02,2.640000000000000000e+02,1.000000000000000000e+00,3.630000000000000000e+02,1.740000000000000000e+02,1.000000000000000000e+00,4.610000000000000000e+02,2.110000000000000000e+02,1.000000000000000000e+00,5.420000000000000000e+02,1.670000000000000000e+02,1.000000000000000000e+00,2.960000000000000000e+02,3.790000000000000000e+02,1.000000000000000000e+00,2.510000000000000000e+02,3.800000000000000000e+02,1.000000000000000000e+00,-2.308757781982421875e+00,-3.361375427246093750e+01,0.000000000000000000e+00,-2.308757781982421875e+00,-3.361375427246093750e+01,0.000000000000000000e+00,3.410000000000000000e+02,3.780000000000000000e+02,1.000000000000000000e+00,-2.308757781982421875e+00,-3.361375427246093750e+01,0.000000000000000000e+00,-2.308757781982421875e+00,-3.361375427246093750e+01,0.000000000000000000e+00,2.820000000000000000e+02,8.300000000000000000e+01,1.000000000000000000e+00,3.120000000000000000e+02,8.500000000000000000e+01,1.000000000000000000e+00,2.660000000000000000e+02,1.000000000000000000e+02,1.000000000000000000e+00,3.310000000000000000e+02,1.030000000000000000e+02,1.000000000000000000e+00,-2.308757781982421875e+00,-3.361375427246093750e+01,0.000000000000000000e+00,-2.308757781982421875e+00,-3.361375427246093750e+01,0.000000000000000000e+00,-2.308757781982421875e+00,-3.361375427246093750e+01,0.000000000000000000e+00,-2.308757781982421875e+00,-3.361375427246093750e+01,0.000000000000000000e+00,-2.308757781982421875e+00,-3.361375427246093750e+01,0.000000000000000000e+00,-2.308757781982421875e+00,-3.361375427246093750e+01,0.000000000000000000e+00,9.098144813021999955e-01,2.089427508028229852e+00,2.282972228488101329e+00,2.689927462966585470e+00
2.980000000000000000e+02,9.600000000000000000e+01,1.000000000000000000e+00,2.970000000000000000e+02,1.800000000000000000e+02,1.000000000000000000e+00,2.390000000000000000e+02,1.870000000000000000e+02,1.000000000000000000e+00,1.980000000000000000e+02,2.830000000000000000e+02,1.000000000000000000e+00,2.220000000000000000e+02,2.820000000000000000e+02,1.000000000000000000e+00,3.620000000000000000e+02,1.770000000000000000e+02,1.000000000000000000e+00,4.610000000000000000e+02,2.110000000000000000e+02,1.000000000000000000e+00,5.420000000000000000e+02,1.670000000000000000e+02,1.000000000000000000e+00,2.960000000000000000e+02,3.790000000000000000e+02,1.000000000000000000e+00,2.500000000000000000e+02,3.800000000000000000e+02,1.000000000000000000e+00,-2.260787963867187500e+00,-3.348160552978515625e+01,0.000000000000000000e+00,-2.260787963867187500e+00,-3.348160552978515625e+01,0.000000000000000000e+00,3.420000000000000000e+02,3.780000000000000000e+02,1.000000000000000000e+00,-2.260787963867187500e+00,-3.348160552978515625e+01,0.000000000000000000e+00,-2.260787963867187500e+00,-3.348160552978515625e+01,0.000000000000000000e+00,2.820000000000000000e+02,8.500000000000000000e+01,1.000000000000000000e+00,3.110000000000000000e+02,8.700000000000000000e+01,1.000000000000000000e+00,2.660000000000000000e+02,1.020000000000000000e+02,1.000000000000000000e+00,3.310000000000000000e+02,1.040000000000000000e+02,1.000000000000000000e+00,-2.260787963867187500e+00,-3.348160552978515625e+01,0.000000000000000000e+00,-2.260787963867187500e+00,-3.348160552978515625e+01,0.000000000000000000e+00,-2.260787963867187500e+00,-3.348160552978515625e+01,0.000000000000000000e+00,-2.260787963867187500e+00,-3.348160552978515625e+01,0.000000000000000000e+00,-2.260787963867187500e+00,-3.348160552978515625e+01,0.000000000000000000e+00,-2.260787963867187500e+00,-3.348160552978515625e+01,0.000000000000000000e+00,1.125519822383042712e+00,2.094538987675075070e+00,2.313163781568213562e+00,2.764657787232931430e+00
2.980000000000000000e+02,9.800000000000000000e+01,1.000000000000000000e+00,2.970000000000000000e+02,1.800000000000000000e+02,1.000000000000000000e+00,2.400000000000000000e+02,1.870000000000000000e+02,1.000000000000000000e+00,1.970000000000000000e+02,2.800000000000000000e+02,1.000000000000000000e+00,2.640000000000000000e+02,2.860000000000000000e+02,1.000000000000000000e+00,3.620000000000000000e+02,1.770000000000000000e+02,1.000000000000000000e+00,4.610000000000000000e+02,2.110000000000000000e+02,1.000000000000000000e+00,5.400000000000000000e+02,1.680000000000000000e+02,1.000000000000000000e+00,2.970000000000000000e+02,3.790000000000000000e+02,1.000000000000000000e+00,2.490000000000000000e+02,3.800000000000000000e+02,1.000000000000000000e+00,-2.128906250000000000e+00,-3.224307250976562500e+01,0.000000000000000000e+00,-2.128906250000000000e+00,-3.224307250976562500e+01,0.000000000000000000e+00,3.420000000000000000e+02,3.780000000000000000e+02,1.000000000000000000e+00,-2.128906250000000000e+00,-3.224307250976562500e+01,0.000000000000000000e+00,-2.128906250000000000e+00,-3.224307250976562500e+01,0.000000000000000000e+00,2.820000000000000000e+02,8.700000000000000000e+01,1.000000000000000000e+00,3.110000000000000000e+02,8.900000000000000000e+01,1.000000000000000000e+00,2.660000000000000000e+02,1.040000000000000000e+02,1.000000000000000000e+00,3.310000000000000000e+02,1.050000000000000000e+02,1.000000000000000000e+00,-2.128906250000000000e+00,-3.224307250976562500e+01,0.000000000000000000e+00,-2.128906250000000000e+00,-3.224307250976562500e+01,0.000000000000000000e+00,-2.128906250000000000e+00,-3.224307250976562500e+01,0.000000000000000000e+00,-2.128906250000000000e+00,-3.224307250976562500e+01,0.000000000000000000e+00,-2.128906250000000000e+00,-3.224307250976562500e+01,0.000000000000000000e+00,-2.128906250000000000e+00,-3.224307250976562500e+01,0.000000000000000000e+00,1.227020881064812219e+00,2.126080936209558292e+00,2.312319492780764207e+00,2.764657787232931430e+00
2.980000000000000000e+02,1.000000000000000000e+02,1.000000000000000000e+00,2.970000000000000000e+02,1.800000000000000000e+02,1.000000000000000000e+00,2.410000000000000000e+02,1.870000000000000000e+02,1.000000000000000000e+00,1.990000000000000000e+02,2.660000000000000000e+02,1.000000000000000000e+00,2.030000000000000000e+02,2.820000000000000000e+02,1.000000000000000000e+00,3.620000000000000000e+02,1.770000000000000000e+02,1.000000000000000000e+00,4.590000000000000000e+02,2.130000000000000000e+02,1.000000000000000000e+00,5.390000000000000000e+02,1.680000000000000000e+02,1.000000000000000000e+00,2.960000000000000000e+02,3.770000000000000000e+02,1.000000000000000000e+00,2.500000000000000000e+02,3.780000000000000000e+02,1.000000000000000000e+00,2.500000000000000000e+02,4.770000000000000000e+02,1.000000000000000000e+00,-1.735801696777343750e+00,-3.271041870117187500e+01,0.000000000000000000e+00,3.410000000000000000e+02,3.780000000000000000e+02,1.000000000000000000e+00,-1.735801696777343750e+00,-3.271041870117187500e+01,0.000000000000000000e+00,-1.735801696777343750e+00,-3.271041870117187500e+01,0.000000000000000000e+00,2.820000000000000000e+02,8.900000000000000000e+01,1.000000000000000000e+00,3.110000000000000000e+02,9.000000000000000000e+01,1.000000000000000000e+00,2.650000000000000000e+02,1.060000000000000000e+02,1.000000000000000000e+00,3.310000000000000000e+02,1.060000000000000000e+02,1.000000000000000000e+00,-1.735801696777343750e+00,-3.271041870117187500e+01,0.000000000000000000e+00,-1.735801696777343750e+00,-3.271041870117187500e+01,0.000000000000000000e+00,-1.735801696777343750e+00,-3.271041870117187500e+01,0.000000000000000000e+00,-1.735801696777343750e+00,-3.271041870117187500e+01,0.000000000000000000e+00,-1.735801696777343750e+00,-3.271041870117187500e+01,0.000000000000000000e+00,-1.735801696777343750e+00,-3.271041870117187500e+01,0.000000000000000000e+00,2.407971587843202865e+00,2.183793723961384270e+00,2.273826175138705441e+00,2.740094519434931986e+00
2.980000000000000000e+02,1.010000000000000000e+02,1.000000000000000000e+00,2.970000000000000000e+02,1.800000000000000000e+02,1.000000000000000000e+00,2.420000000000000000e+02,1.870000000000000000e+02,1.000000000000000000e+00,1.990000000000000000e+02,2.700000000000000000e+02,1.000000000000000000e+00,2.560000000000000000e+02,2.980000000000000000e+02,1.000000000000000000e+00,3.620000000000000000e+02,1.770000000000000000e+02,1.000000000000000000e+00,4.590000000000000000e+02,2.140000000000000000e+02,1.000000000000000000e+00,5.380000000000000000e+02,1.680000000000000000e+02,1.000000000000000000e+00,2.960000000000000000e+02,3.780000000000000000e+02,1.000000000000000000e+00,2.490000000000000000e+02,3.780000000000000000e+02,1.000000000000000000e+00,2.516173858642578125e+02,4.861216735839843750e+02,0.000000000000000000e+00,-1.666378021240234375e+00,-3.237014007568359375e+01,0.000000000000000000e+00,3.410000000000000000e+02,3.780000000000000000e+02,1.000000000000000000e+00,-1.666378021240234375e+00,-3.237014007568359375e+01,0.000000000000000000e+00,-1.666378021240234375e+00,-3.237014007568359375e+01,0.000000000000000000e+00,2.820000000000000000e+02,9.000000000000000000e+01,1.000000000000000000e+00,3.100000000000000000e+02,9.100000000000000000e+01,1.000000000000000000e+00,2.640000000000000000e+02,1.070000000000000000e+02,1.000000000000000000e+00,3.310000000000000000e+02,1.060000000000000000e+02,1.000000000000000000e+00,-1.666378021240234375e+00,-3.237014007568359375e+01,0.000000000000000000e+00,-1.666378021240234375e+00,-3.237014007568359375e+01,0.000000000000000000e+00,-1.666378021240234375e+00,-3.237014007568359375e+01,0.000000000000000000e+00,-1.666378021240234375e+00,-3.237014007568359375e+01,0.000000000000000000e+00,-1.666378021240234375e+00,-3.237014007568359375e+01,0.000000000000000000e+00,-1.666378021240234375e+00,-3.237014007568359375e+01,0.000000000000000000e+00,1.549401108412763683e+00,2.175389144349495485e+00,2.249898017430304265e+00,2.731063948430079602e+00
2.980000000000000000e+02,1.010000000000000000e+02,1.000000000000000000e+00,2.970000000000000000e+02,1.800000000000000000e+02,1.000000000000000000e+00,2.420000000000000000e+02,1.870000000000000000e+02,1.000000000000000000e+00,1.980000000000000000e+02,2.690000000000000000e+02,1.000000000000000000e+00,2.520000000000000000e+02,2.910000000000000000e+02,1.000000000000000000e+00,3.630000000000000000e+02,1.770000000000000000e+02,1.000000000000000000e+00,4.590000000000000000e+02,2.150000000000000000e+02,1.000000000000000000e+00,5.380000000000000000e+02,1.680000000000000000e+02,1.000000000000000000e+00,2.960000000000000000e+02,3.820000000000000000e+02,1.000000000000000000e+00,2.510000000000000000e+02,3.800000000000000000e+02,1.000000000000000000e+00,2.516211853027343750e+02,4.854746704101562500e+02,0.000000000000000000e+00,-1.424892425537109375e+00,-3.394677734375000000e+01,0.000000000000000000e+00,3.420000000000000000e+02,3.780000000000000000e+02,1.000000000000000000e+00,-1.424892425537109375e+00,-3.394677734375000000e+01,0.000000000000000000e+00,-1.424892425537109375e+00,-3.394677734375000000e+01,0.000000000000000000e+00,2.820000000000000000e+02,9.000000000000000000e+01,1.000000000000000000e+00,3.100000000000000000e+02,9.000000000000000000e+01,1.000000000000000000e+00,2.640000000000000000e+02,1.070000000000000000e+02,1.000000000000000000e+00,3.310000000000000000e+02,1.060000000000000000e+02,1.000000000000000000e+00,-1.424892425537109375e+00,-3.394677734375000000e+01,0.000000000000000000e+00,-1.424892425537109375e+00,-3.394677734375000000e+01,0.000000000000000000e+00,-1.424892425537109375e+00,-3.394677734375000000e+01,0.000000000000000000e+00,-1.424892425537109375e+00,-3.394677734375000000e+01,0.000000000000000000e+00,-1.424892425537109375e+00,-3.394677734375000000e+01,0.000000000000000000e+00,-1.424892425537109375e+00,-3.394677734375000000e+01,0.000000000000000000e+00,1.465186278653999752e+00,2.189874219946793765e+00,2.227995208961046636e+00,2.719260103843395449e+00
2.980000000000000000e+02,1.000000000000000000e+02,1.000000000000000000e+00,2.970000000000000000e+02,1.800000000000000000e+02,1.000000000000000000e+00,2.420000000000000000e+02,1.870000000000000000e+02,1.000000000000000000e+00,1.930000000000000000e+02,2.760000000000000000e+02,1.000000000000000000e+00,2.520000000000000000e+02,2.790000000000000000e+02,1.000000000000000000e+00,3.630000000000000000e+02,1.770000000000000000e+02,1.000000000000000000e+00,4.590000000000000000e+02,2.150000000000000000e+02,1.000000000000000000e+00,5.380000000000000000e+02,1.680000000000000000e+02,1.000000000000000000e+00,2.960000000000000000e+02,3.720000000000000000e+02,1.000000000000000000e+00,2.510000000000000000e+02,3.760000000000000000e+02,1.000000000000000000e+00,2.510000000000000000e+02,4.810000000000000000e+02,1.000000000000000000e+00,-2.039005279541015625e+00,-3.389356231689453125e+01,0.000000000000000000e+00,3.430000000000000000e+02,3.750000000000000000e+02,1.000000000000000000e+00,-2.039005279541015625e+00,-3.389356231689453125e+01,0.000000000000000000e+00,-2.039005279541015625e+00,-3.389356231689453125e+01,0.000000000000000000e+00,2.820000000000000000e+02,8.900000000000000000e+01,1.000000000000000000e+00,3.100000000000000000e+02,8.900000000000000000e+01,1.000000000000000000e+00,2.640000000000000000e+02,1.060000000000000000e+02,1.000000000000000000e+00,3.300000000000000000e+02,1.050000000000000000e+02,1.000000000000000000e+00,-2.039005279541015625e+00,-3.389356231689453125e+01,0.000000000000000000e+00,-2.039005279541015625e+00,-3.389356231689453125e+01,0.000000000000000000e+00,-2.039005279541015625e+00,-3.389356231689453125e+01,0.000000000000000000e+00,-2.039005279541015625e+00,-3.389356231689453125e+01,0.000000000000000000e+00,-2.039005279541015625e+00,-3.389356231689453125e+01,0.000000000000000000e+00,-2.039005279541015625e+00,-3.389356231689453125e+01,0.000000000000000000e+00,1.118325599598385400e+00,2.200662885329601526e+00,2.227995208961046636e+00,2.719260103843395449e+00
2.980000000000000000e+02,9.800000000000000000e+01,1.000000000000000000e+00,2.970000000000000000e+02,1.800000000000000000e+02,1.000000000000000000e+00,2.420000000000000000e+02,1.860000000000000000e+02,1.000000000000000000e+00,1.940000000000000000e+02,2.710000000000000000e+02,1.000000000000000000e+00,2.520000000000000000e+02,2.650000000000000000e+02,1.000000000000000000e+00,3.620000000000000000e+02,1.750000000000000000e+02,1.000000000000000000e+00,4.590000000000000000e+02,2.150000000000000000e+02,1.000000000000000000e+00,5.390000000000000000e+02,1.660000000000000000e+02,1.000000000000000000e+00,2.980000000000000000e+02,3.740000000000000000e+02,1.000000000000000000e+00,2.490000000000000000e+02,3.760000000000000000e+02,1.000000000000000000e+00,2.529211425781250000e+02,4.839035034179687500e+02,0.000000000000000000e+00,-2.056735992431640625e+00,-3.393521118164062500e+01,0.000000000000000000e+00,3.440000000000000000e+02,3.750000000000000000e+02,1.000000000000000000e+00,-2.056735992431640625e+00,-3.393521118164062500e+01,0.000000000000000000e+00,-2.056735992431640625e+00,-3.393521118164062500e+01,0.000000000000000000e+00,2.820000000000000000e+02,8.700000000000000000e+01,1.000000000000000000e+00,3.100000000000000000e+02,8.700000000000000000e+01,1.000000000000000000e+00,2.640000000000000000e+02,1.050000000000000000e+02,1.000000000000000000e+00,3.290000000000000000e+02,1.030000000000000000e+02,1.000000000000000000e+00,-2.056735992431640625e+00,-3.393521118164062500e+01,0.000000000000000000e+00,-2.056735992431640625e+00,-3.393521118164062500e+01,0.000000000000000000e+00,-2.056735992431640625e+00,-3.393521118164062500e+01,0.000000000000000000e+00,-2.056735992431640625e+00,-3.393521118164062500e+01,0.000000000000000000e+00,-2.056735992431640625e+00,-3.393521118164062500e+01,0.000000000000000000e+00,-2.056735992431640625e+00,-3.393521118164062500e+01,0.000000000000000000e+00,9.536511523825690340e-01,2.193521108525111618e+00,2.200907193094384429e+00,2.673695315350986146e+00
2.980000000000000000e+02,9.600000000000000000e+01,1.000000000000000000e+00,2.990000000000000000e+02,1.810000000000000000e+02,1.000000000000000000e+00,2.420000000000000000e+02,1.850000000000000000e+02,1.000000000000000000e+00,1.950000000000000000e+02,2.800000000000000000e+02,1.000000000000000000e+00,2.520000000000000000e+02,2.510000000000000000e+02,1.000000000000000000e+00,3.620000000000000000e+02,1.750000000000000000e+02,1.000000000000000000e+00,4.600000000000000000e+02,2.150000000000000000e+02,1.000000000000000000e+00,5.390000000000000000e+02,1.660000000000000000e+02,1.000000000000000000e+00,3.000000000000000000e+02,3.740000000000000000e+02,1.000000000000000000e+00,2.490000000000000000e+02,3.760000000000000000e+02,1.000000000000000000e+00,2.514090881347656250e+02,4.814671325683593750e+02,0.000000000000000000e+00,-3.569236755371093750e+00,-3.636254882812500000e+01,0.000000000000000000e+00,3.440000000000000000e+02,3.750000000000000000e+02,1.000000000000000000e+00,-3.569236755371093750e+00,-3.636254882812500000e+01,0.000000000000000000e+00,-3.569236755371093750e+00,-3.636254882812500000e+01,0.000000000000000000e+00,2.820000000000000000e+02,8.500000000000000000e+01,1.000000000000000000e+00,3.100000000000000000e+02,8.500000000000000000e+01,1.000000000000000000e+00,2.640000000000000000e+02,1.040000000000000000e+02,1.000000000000000000e+00,3.290000000000000000e+02,1.020000000000000000e+02,1.000000000000000000e+00,-3.569236755371093750e+00,-3.636254882812500000e+01,0.000000000000000000e+00,-3.569236755371093750e+00,-3.636254882812500000e+01,0.000000000000000000e+00,-3.569236755371093750e+00,-3.636254882812500000e+01,0.000000000000000000e+00,-3.569236755371093750e+00,-3.636254882812500000e+01,0.000000000000000000e+00,-3.569236755371093750e+00,-3.636254882812500000e+01,0.000000000000000000e+00,-3.569236755371093750e+00,-3.636254882812500000e+01,0.000000000000000000e+00,6.407276000309545250e-01,2.100285134191154590e+00,2.198890271688909603e+00,2.659117141466758039e+00
2.980000000000000000e+02,9.400000000000000000e+01,1.000000000000000000e+00,2.990000000000000000e+02,1.810000000000000000e+02,1.000000000000000000e+00,2.420000000000000000e+02,1.850000000000000000e+02,1.000000000000000000e+00,1.940000000000000000e+02,2.780000000000000000e+02,1.000000000000000000e+00,2.500000000000000000e+02,2.390000000000000000e+02,1.000000000000000000e+00,3.620000000000000000e+02,1.750000000000000000e+02,1.000000000000000000e+00,4.600000000000000000e+02,2.140000000000000000e+02,1.000000000000000000e+00,5.390000000000000000e+02,1.660000000000000000e+02,1.000000000000000000e+00,3.000000000000000000e+02,3.740000000000000000e+02,1.000000000000000000e+00,2.500000000000000000e+02,3.760000000000000000e+02,1.000000000000000000e+00,2.515609283447265625e+02,4.819557800292968750e+02,0.000000000000000000e+00,-3.671657562255859375e+00,-3.681692504882812500e+01,0.000000000000000000e+00,3.440000000000000000e+02,3.750000000000000000e+02,1.000000000000000000e+00,-3.671657562255859375e+00,-3.681692504882812500e+01,0.000000000000000000e+00,-3.671657562255859375e+00,-3.681692504882812500e+01,0.000000000000000000e+00,2.820000000000000000e+02,8.300000000000000000e+01,1.000000000000000000e+00,3.100000000000000000e+02,8.300000000000000000e+01,1.000000000000000000e+00,2.640000000000000000e+02,1.030000000000000000e+02,1.000000000000000000e+00,3.290000000000000000e+02,1.010000000000000000e+02,1.000000000000000000e+00,-3.671657562255859375e+00,-3.681692504882812500e+01,0.000000000000000000e+00,-3.671657562255859375e+00,-3.681692504882812500e+01,0.000000000000000000e+00,-3.671657562255859375e+00,-3.681692504882812500e+01,0.000000000000000000e+00,-3.671657562255859375e+00,-3.681692504882812500e+01,0.000000000000000000e+00,-3.671657562255859375e+00,-3.681692504882812500e+01,0.000000000000000000e+00,-3.671657562255859375e+00,-3.681692504882812500e+01,0.000000000000000000e+00,4.860038987026171764e-01,2.117324328907058906e+00,2.216861532532970802e+00,2.667895131695952937e+00
2.980000000000000000e+02,9.200000000000000000e+01,1.000000000000000000e+00,2.990000000000000000e+02,1.810000000000000000e+02,1.000000000000000000e+00,2.390000000000000000e+02,1.840000000000000000e+02,1.000000000000000000e+00,1.990000000000000000e+02,2.920000000000000000e+02,1.000000000000000000e+00,1.990000000000000000e+02,2.740000000000000000e+02,1.000000000000000000e+00,3.620000000000000000e+02,1.750000000000000000e+02,1.000000000000000000e+00,4.600000000000000000e+02,2.140000000000000000e+02,1.000000000000000000e+00,5.390000000000000000e+02,1.660000000000000000e+02,1.000000000000000000e+00,3.000000000000000000e+02,3.740000000000000000e+02,1.000000000000000000e+00,2.510000000000000000e+02,3.760000000000000000e+02,1.000000000000000000e+00,2.500000000000000000e+02,4.800000000000000000e+02,1.000000000000000000e+00,-3.781993865966796875e+00,-3.660296630859375000e+01,0.000000000000000000e+00,3.440000000000000000e+02,3.750000000000000000e+02,1.000000000000000000e+00,-3.781993865966796875e+00,-3.660296630859375000e+01,0.000000000000000000e+00,-3.781993865966796875e+00,-3.660296630859375000e+01,0.000000000000000000e+00,2.820000000000000000e+02,8.100000000000000000e+01,1.000000000000000000e+00,3.100000000000000000e+02,8.100000000000000000e+01,1.000000000000000000e+00,2.640000000000000000e+02,1.020000000000000000e+02,1.000000000000000000e+00,3.290000000000000000e+02,1.000000000000000000e+02,1.000000000000000000e+00,-3.781993865966796875e+00,-3.660296630859375000e+01,0.000000000000000000e+00,-3.781993865966796875e+00,-3.660296630859375000e+01,0.000000000000000000e+00,-3.781993865966796875e+00,-3.660296630859375000e+01,0.000000000000000000e+00,-3.781993865966796875e+00,-3.660296630859375000e+01,0.000000000000000000e+00,-3.781993865966796875e+00,-3.660296630859375000e+01,0.000000000000000000e+00,-3.781993865966796875e+00,-3.660296630859375000e+01,0.000000000000000000e+00,3.547056520109403976e-01,1.975460374527779672e+00,2.216861532532970802e+00,2.667895131695952937e+00
2.980000000000000000e+02,9.100000000000000000e+01,1.000000000000000000e+00,2.990000000000000000e+02,1.810000000000000000e+02,1.000000000000000000e+00,2.390000000000000000e+02,1.840000000000000000e+02,1.000000000000000000e+00,2.010000000000000000e+02,2.910000000000000000e+02,1.000000000000000000e+00,2.480000000000000000e+02,2.300000000000000000e+02,1.000000000000000000e+00,3.620000000000000000e+02,1.750000000000000000e+02,1.000000000000000000e+00,4.600000000000000000e+02,2.140000000000000000e+02,1.000000000000000000e+00,5.390000000000000000e+02,1.660000000000000000e+02,1.000000000000000000e+00,3.000000000000000000e+02,3.740000000000000000e+02,1.000000000000000000e+00,2.540000000000000000e+02,3.760000000000000000e+02,1.000000000000000000e+00,2.496647796630859375e+02,4.767812194824218750e+02,0.000000000000000000e+00,-4.893547058105468750e+00,-3.948311614990234375e+01,0.000000000000000000e+00,3.440000000000000000e+02,3.750000000000000000e+02,1.000000000000000000e+00,-4.893547058105468750e+00,-3.948311614990234375e+01,0.000000000000000000e+00,-4.893547058105468750e+00,-3.948311614990234375e+01,0.000000000000000000e+00,2.820000000000000000e+02,8.000000000000000000e+01,1.000000000000000000e+00,3.100000000000000000e+02,8.000000000000000000e+01,1.000000000000000000e+00,2.640000000000000000e+02,1.010000000000000000e+02,1.000000000000000000e+00,3.290000000000000000e+02,9.900000000000000000e+01,1.000000000000000000e+00,-4.893547058105468750e+00,-3.948311614990234375e+01,0.000000000000000000e+00,-4.893547058105468750e+00,-3.948311614990234375e+01,0.000000000000000000e+00,-4.893547058105468750e+00,-3.948311614990234375e+01,0.000000000000000000e+00,-4.893547058105468750e+00,-3.948311614990234375e+01,0.000000000000000000e+00,-4.893547058105468750e+00,-3.948311614990234375e+01,0.000000000000000000e+00,-4.893547058105468750e+00,-3.948311614990234375e+01,0.000000000000000000e+00,3.152407006063693840e-01,1.962001413623926549e+00,2.216861532532970802e+00,2.667895131695952937e+00
2.980000000000000000e+02,9.000000000000000000e+01,1.000000000000000000e+00,2.990000000000000000e+02,1.810000000000000000e+02,1.000000000000000000e+00,2.390000000000000000e+02,1.840000000000000000e+02,1.000000000000000000e+00,2.030000000000000000e+02,2.920000000000000000e+02,1.000000000000000000e+00,2.460000000000000000e+02,2.290000000000000000e+02,1.000000000000000000e+00,3.620000000000000000e+02,1.750000000000000000e+02,1.000000000000000000e+00,4.600000000000000000e+02,2.140000000000000000e+02,1.000000000000000000e+00,5.390000000000000000e+02,1.650000000000000000e+02,1.000000000000000000e+00,3.000000000000000000e+02,3.740000000000000000e+02,1.000000000000000000e+00,2.520000000000000000e+02,3.760000000000000000e+02,1.000000000000000000e+00,2.502216491699218750e+02,4.763252868652343750e+02,0.000000000000000000e+00,-6.252731323242187500e+00,-3.884739685058593750e+01,0.000000000000000000e+00,3.440000000000000000e+02,3.750000000000000000e+02,1.000000000000000000e+00,-6.252731323242187500e+00,-3.884739685058593750e+01,0.000000000000000000e+00,-6.252731323242187500e+00,-3.884739685058593750e+01,0.000000000000000000e+00,2.820000000000000000e+02,7.900000000000000000e+01,1.000000000000000000e+00,3.090000000000000000e+02,7.900000000000000000e+01,1.000000000000000000e+00,2.640000000000000000e+02,1.010000000000000000e+02,1.000000000000000000e+00,3.290000000000000000e+02,9.900000000000000000e+01,1.000000000000000000e+00,-6.252731323242187500e+00,-3.884739685058593750e+01,0.000000000000000000e+00,-6.252731323242187500e+00,-3.884739685058593750e+01,0.000000000000000000e+00,-6.252731323242187500e+00,-3.884739685058593750e+01,0.000000000000000000e+00,-6.252731323242187500e+00,-3.884739685058593750e+01,0.000000000000000000e+00,-6.252731323242187500e+00,-3.884739685058593750e+01,0.000000000000000000e+00,-6.252731323242187500e+00,-3.884739685058593750e+01,0.000000000000000000e+00,2.771607073335893845e-01,1.942505276913481627e+00,2.207668261918104502e+00,2.667895131695952937e+00
2.970000000000000000e+02,9.000000000000000000e+01,1.000000000000000000e+00,2.970000000000000000e+02,1.810000000000000000e+02,1.000000000000000000e+00,2.390000000000000000e+02,1.840000000000000000e+02,1.000000000000000000e+00,2.030000000000000000e+02,2.900000000000000000e+02,1.000000000000000000e+00,2.470000000000000000e+02,2.320000000000000000e+02,1.000000000000000000e+00,3.620000000000000000e+02,1.750000000000000000e+02,1.000000000000000000e+00,4.600000000000000000e+02,2.140000000000000000e+02,1.000000000000000000e+00,5.370000000000000000e+02,1.660000000000000000e+02,1.000000000000000000e+00,3.000000000000000000e+02,3.740000000000000000e+02,1.000000000000000000e+00,2.530000000000000000e+02,3.760000000000000000e+02,1.000000000000000000e+00,2.496850738525390625e+02,4.762696228027343750e+02,0.000000000000000000e+00,-5.912979125976562500e+00,-3.844029998779296875e+01,0.000000000000000000e+00,3.440000000000000000e+02,3.750000000000000000e+02,1.000000000000000000e+00,-5.912979125976562500e+00,-3.844029998779296875e+01,0.000000000000000000e+00,-5.912979125976562500e+00,-3.844029998779296875e+01,0.000000000000000000e+00,2.810000000000000000e+02,7.900000000000000000e+01,1.000000000000000000e+00,3.080000000000000000e+02,7.900000000000000000e+01,1.000000000000000000e+00,2.640000000000000000e+02,1.010000000000000000e+02,1.000000000000000000e+00,3.280000000000000000e+02,9.900000000000000000e+01,1.000000000000000000e+00,-5.912979125976562500e+00,-3.844029998779296875e+01,0.000000000000000000e+00,-5.912979125976562500e+00,-3.844029998779296875e+01,0.000000000000000000e+00,-5.912979125976562500e+00,-3.844029998779296875e+01,0.000000000000000000e+00,-5.912979125976562500e+00,-3.844029998779296875e+01,0.000000000000000000e+00,-5.912979125976562500e+00,-3.844029998779296875e+01,0.000000000000000000e+00,-5.912979125976562500e+00,-3.844029998779296875e+01,0.000000000000000000e+00,3.215953471962744725e-01,1.949874623077553215e+00,2.205415746462768389e+00,2.670799989175302258e+00
2.960000000000000000e+02,9.000000000000000000e+01,1.000000000000000000e+00,2.990000000000000000e+02,1.810000000000000000e+02,1.000000000000000000e+00,2.390000000000000000e+02,1.850000000000000000e+02,1.000000000000000000e+00,2.030000000000000000e+02,2.910000000000000000e+02,1.000000000000000000e+00,2.560000000000000000e+02,2.360000000000000000e+02,1.000000000000000000e+00,3.620000000000000000e+02,1.750000000000000000e+02,1.000000000000000000e+00,4.600000000000000000e+02,2.140000000000000000e+02,1.000000000000000000e+00,5.370000000000000000e+02,1.650000000000000000e+02,1.000000000000000000e+00,3.000000000000000000e+02,3.740000000000000000e+02,1.000000000000000000e+00,2.530000000000000000e+02,3.760000000000000000e+02,1.000000000000000000e+00,2.508748321533203125e+02,4.768023376464843750e+02,0.000000000000000000e+00,-6.137916564941406250e+00,-3.976721954345703125e+01,0.000000000000000000e+00,3.440000000000000000e+02,3.750000000000000000e+02,1.000000000000000000e+00,-6.137916564941406250e+00,-3.976721954345703125e+01,0.000000000000000000e+00,-6.137916564941406250e+00,-3.976721954345703125e+01,0.000000000000000000e+00,2.800000000000000000e+02,7.900000000000000000e+01,1.000000000000000000e+00,3.070000000000000000e+02,7.900000000000000000e+01,1.000000000000000000e+00,2.630000000000000000e+02,1.020000000000000000e+02,1.000000000000000000e+00,3.270000000000000000e+02,9.900000000000000000e+01,1.000000000000000000e+00,-6.137916564941406250e+00,-3.976721954345703125e+01,0.000000000000000000e+00,-6.137916564941406250e+00,-3.976721954345703125e+01,0.000000000000000000e+00,-6.137916564941406250e+00,-3.976721954345703125e+01,0.000000000000000000e+00,-6.137916564941406250e+00,-3.976721954345703125e+01,0.000000000000000000e+00,-6.137916564941406250e+00,-3.976721954345703125e+01,0.000000000000000000e+00,-6.137916564941406250e+00,-3.976721954345703125e+01,0.000000000000000000e+00,4.394815495292129781e-01,1.964764702370946914e+00,2.196117620515202873e+00,2.667895131695952937e+00
2.950000000000000000e+02,9.100000000000000000e+01,1.000000000000000000e+00,3.000000000000000000e+02,1.810000000000000000e+02,1.000000000000000000e+00,2.390000000000000000e+02,1.860000000000000000e+02,1.000000000000000000e+00,2.020000000000000000e+02,2.900000000000000000e+02,1.000000000000000000e+00,2.620000000000000000e+02,2.490000000000000000e+02,1.000000000000000000e+00,3.620000000000000000e+02,1.750000000000000000e+02,1.000000000000000000e+00,4.600000000000000000e+02,2.140000000000000000e+02,1.000000000000000000e+00,5.370000000000000000e+02,1.650000000000000000e+02,1.000000000000000000e+00,3.000000000000000000e+02,3.740000000000000000e+02,1.000000000000000000e+00,2.530000000000000000e+02,3.760000000000000000e+02,1.000000000000000000e+00,2.510364532470703125e+02,4.755179443359375000e+02,0.000000000000000000e+00,-5.226867675781250000e+00,-3.857605743408203125e+01,0.000000000000000000e+00,3.440000000000000000e+02,3.750000000000000000e+02,1.000000000000000000e+00,-5.226867675781250000e+00,-3.857605743408203125e+01,0.000000000000000000e+00,-5.226867675781250000e+00,-3.857605743408203125e+01,0.000000000000000000e+00,2.790000000000000000e+02,8.300000000000000000e+01,1.000000000000000000e+00,3.060000000000000000e+02,8.000000000000000000e+01,1.000000000000000000e+00,2.620000000000000000e+02,1.030000000000000000e+02,1.000000000000000000e+00,3.260000000000000000e+02,1.000000000000000000e+02,1.000000000000000000e+00,-5.226867675781250000e+00,-3.857605743408203125e+01,0.000000000000000000e+00,-5.226867675781250000e+00,-3.857605743408203125e+01,0.000000000000000000e+00,-5.226867675781250000e+00,-3.857605743408203125e+01,0.000000000000000000e+00,-5.226867675781250000e+00,-3.857605743408203125e+01,0.000000000000000000e+00,-5.226867675781250000e+00,-3.857605743408203125e+01,0.000000000000000000e+00,-5.226867675781250000e+00,-3.857605743408203125e+01,0.000000000000000000e+00,6.295386699722702595e-01,1.994385879393781646e+00,2.196117620515202873e+00,2.666373062856122189e+00
2.940000000000000000e+02,9.200000000000000000e+01,1.000000000000000000e+00,3.000000000000000000e+02,1.810000000000000000e+02,1.000000000000000000e+00,2.390000000000000000e+02,1.860000000000000000e+02,1.000000000000000000e+00,1.970000000000000000e+02,2.800000000000000000e+02,1.000000000000000000e+00,2.630000000000000000e+02,2.670000000000000000e+02,1.000000000000000000e+00,3.620000000000000000e+02,1.750000000000000000e+02,1.000000000000000000e+00,4.580000000000000000e+02,2.140000000000000000e+02,1.000000000000000000e+00,5.270000000000000000e+02,1.690000000000000000e+02,1.000000000000000000e+00,2.990000000000000000e+02,3.740000000000000000e+02,1.000000000000000000e+00,2.540000000000000000e+02,3.760000000000000000e+02,1.000000000000000000e+00,2.509935913085937500e+02,4.753585205078125000e+02,0.000000000000000000e+00,-5.400115966796875000e+00,-3.828017425537109375e+01,0.000000000000000000e+00,3.430000000000000000e+02,3.750000000000000000e+02,1.000000000000000000e+00,-5.400115966796875000e+00,-3.828017425537109375e+01,0.000000000000000000e+00,-5.400115966796875000e+00,-3.828017425537109375e+01,0.000000000000000000e+00,2.780000000000000000e+02,8.400000000000000000e+01,1.000000000000000000e+00,3.050000000000000000e+02,8.100000000000000000e+01,1.000000000000000000e+00,2.610000000000000000e+02,1.040000000000000000e+02,1.000000000000000000e+00,3.250000000000000000e+02,1.010000000000000000e+02,1.000000000000000000e+00,-5.400115966796875000e+00,-3.828017425537109375e+01,0.000000000000000000e+00,-5.400115966796875000e+00,-3.828017425537109375e+01,0.000000000000000000e+00,-5.400115966796875000e+00,-3.828017425537109375e+01,0.000000000000000000e+00,-5.400115966796875000e+00,-3.828017425537109375e+01,0.000000000000000000e+00,-5.400115966796875000e+00,-3.828017425537109375e+01,0.000000000000000000e+00,-5.400115966796875000e+00,-3.828017425537109375e+01,0.000000000000000000e+00,9.561194969705157920e-01,2.072777421022167665e+00,2.177808047229473853e+00,2.659236209009132601e+00
2.930000000000000000e+02,9.400000000000000000e+01,1.000000000000000000e+00,3.000000000000000000e+02,1.810000000000000000e+02,1.000000000000000000e+00,2.390000000000000000e+02,1.860000000000000000e+02,1.000000000000000000e+00,1.990000000000000000e+02,2.810000000000000000e+02,1.000000000000000000e+00,2.670000000000000000e+02,2.810000000000000000e+02,1.000000000000000000e+00,3.620000000000000000e+02,1.750000000000000000e+02,1.000000000000000000e+00,4.580000000000000000e+02,2.130000000000000000e+02,1.000000000000000000e+00,5.270000000000000000e+02,1.680000000000000000e+02,1.000000000000000000e+00,2.990000000000000000e+02,3.740000000000000000e+02,1.000000000000000000e+00,2.510000000000000000e+02,3.750000000000000000e+02,1.000000000000000000e+00,2.506759796142578125e+02,4.784778137207031250e+02,0.000000000000000000e+00,-5.946975708007812500e+00,-3.850301361083984375e+01,0.000000000000000000e+00,3.460000000000000000e+02,3.750000000000000000e+02,1.000000000000000000e+00,-5.946975708007812500e+00,-3.850301361083984375e+01,0.000000000000000000e+00,-5.946975708007812500e+00,-3.850301361083984375e+01,0.000000000000000000e+00,2.770000000000000000e+02,8.600000000000000000e+01,1.000000000000000000e+00,3.040000000000000000e+02,8.300000000000000000e+01,1.000000000000000000e+00,2.600000000000000000e+02,1.060000000000000000e+02,1.000000000000000000e+00,3.240000000000000000e+02,1.020000000000000000e+02,1.000000000000000000e+00,-5.946975708007812500e+00,-3.850301361083984375e+01,0.000000000000000000e+00,-5.946975708007812500e+00,-3.850301361083984375e+01,0.000000000000000000e+00,-5.946975708007812500e+00,-3.850301361083984375e+01,0.000000000000000000e+00,-5.946975708007812500e+00,-3.850301361083984375e+01,0.000000000000000000e+00,-5.946975708007812500e+00,-3.850301361083984375e+01,0.000000000000000000e+00,-5.946975708007812500e+00,-3.850301361083984375e+01,0.000000000000000000e+00,1.172273881128476303e+00,2.051103153079312680e+00,2.186781446302726639e+00,2.668209608082385387e+00
2.920000000000000000e+02,9.600000000000000000e+01,1.000000000000000000e+00,3.000000000000000000e+02,1.810000000000000000e+02,1.000000000000000000e+00,2.390000000000000000e+02,1.860000000000000000e+02,1.000000000000000000e+00,2.010000000000000000e+02,2.780000000000000000e+02,1.000000000000000000e+00,2.650000000000000000e+02,2.890000000000000000e+02,1.000000000000000000e+00,3.620000000000000000e+02,1.750000000000000000e+02,1.000000000000000000e+00,4.580000000000000000e+02,2.120000000000000000e+02,1.000000000000000000e+00,5.290000000000000000e+02,1.670000000000000000e+02,1.000000000000000000e+00,2.990000000000000000e+02,3.740000000000000000e+02,1.000000000000000000e+00,2.500000000000000000e+02,3.770000000000000000e+02,1.000000000000000000e+00,2.505834960937500000e+02,4.914129333496093750e+02,0.000000000000000000e+00,-5.337493896484375000e+00,-3.858757781982421875e+01,0.000000000000000000e+00,3.450000000000000000e+02,3.750000000000000000e+02,1.000000000000000000e+00,-5.337493896484375000e+00,-3.858757781982421875e+01,0.000000000000000000e+00,-5.337493896484375000e+00,-3.858757781982421875e+01,0.000000000000000000e+00,2.760000000000000000e+02,8.800000000000000000e+01,1.000000000000000000e+00,3.030000000000000000e+02,8.500000000000000000e+01,1.000000000000000000e+00,2.590000000000000000e+02,1.080000000000000000e+02,1.000000000000000000e+00,3.220000000000000000e+02,1.010000000000000000e+02,1.000000000000000000e+00,-5.337493896484375000e+00,-3.858757781982421875e+01,0.000000000000000000e+00,-5.337493896484375000e+00,-3.858757781982421875e+01,0.000000000000000000e+00,-5.337493896484375000e+00,-3.858757781982421875e+01,0.000000000000000000e+00,-5.337493896484375000e+00,-3.858757781982421875e+01,0.000000000000000000e+00,-5.337493896484375000e+00,-3.858757781982421875e+01,0.000000000000000000e+00,-5.337493896484375000e+00,-3.858757781982421875e+01,0.000000000000000000e+00,1.349308312642947039e+00,2.044280646850316518e+00,2.208816581147863278e+00,2.677247207996052758e+00
2.920000000000000000e+02,9.800000000000000000e+01,1.000000000000000000e+00,3.000000000000000000e+02,1.810000000000000000e+02,1.000000000000000000e+00,2.400000000000000000e+02,1.860000000000000000e+02,1.000000000000000000e+00,2.040000000000000000e+02,2.790000000000000000e+02,1.000000000000000000e+00,2.660000000000000000e+02,2.930000000000000000e+02,1.000000000000000000e+00,3.620000000000000000e+02,1.750000000000000000e+02,1.000000000000000000e+00,4.570000000000000000e+02,2.110000000000000000e+02,1.000000000000000000e+00,5.280000000000000000e+02,1.650000000000000000e+02,1.000000000000000000e+00,2.980000000000000000e+02,3.770000000000000000e+02,1.000000000000000000e+00,2.520000000000000000e+02,3.800000000000000000e+02,1.000000000000000000e+00,2.504730682373046875e+02,4.911750488281250000e+02,0.000000000000000000e+00,-5.236785888671875000e+00,-3.801493072509765625e+01,0.000000000000000000e+00,3.440000000000000000e+02,3.790000000000000000e+02,1.000000000000000000e+00,-5.236785888671875000e+00,-3.801493072509765625e+01,0.000000000000000000e+00,-5.236785888671875000e+00,-3.801493072509765625e+01,0.000000000000000000e+00,2.760000000000000000e+02,9.000000000000000000e+01,1.000000000000000000e+00,3.020000000000000000e+02,8.700000000000000000e+01,1.000000000000000000e+00,2.580000000000000000e+02,1.100000000000000000e+02,1.000000000000000000e+00,3.190000000000000000e+02,1.000000000000000000e+02,1.000000000000000000e+00,-5.236785888671875000e+00,-3.801493072509765625e+01,0.000000000000000000e+00,-5.236785888671875000e+00,-3.801493072509765625e+01,0.000000000000000000e+00,-5.236785888671875000e+00,-3.801493072509765625e+01,0.000000000000000000e+00,-5.236785888671875000e+00,-3.801493072509765625e+01,0.000000000000000000e+00,-5.236785888671875000e+00,-3.801493072509765625e+01,0.000000000000000000e+00,-5.236785888671875000e+00,-3.801493072509765625e+01,0.000000000000000000e+00,1.423544571026751138e+00,2.023271216356963276e+00,2.204477174612930135e+00,2.682892000700435098e+00
2.920000000000000000e+02,9.900000000000000000e+01,1.000000000000000000e+00,3.000000000000000000e+02,1.810000000000000000e+02,1.000000000000000000e+00,2.400000000000000000e+02,1.860000000000000000e+02,1.000000000000000000e+00,2.030000000000000000e+02,2.780000000000000000e+02,1.000000000000000000e+00,2.630000000000000000e+02,2.860000000000000000e+02,1.000000000000000000e+00,3.620000000000000000e+02,1.750000000000000000e+02,1.000000000000000000e+00,4.570000000000000000e+02,2.100000000000000000e+02,1.000000000000000000e+00,5.250000000000000000e+02,1.660000000000000000e+02,1.000000000000000000e+00,2.990000000000000000e+02,3.770000000000000000e+02,1.000000000000000000e+00,2.520000000000000000e+02,3.800000000000000000e+02,1.000000000000000000e+00,2.504948272705078125e+02,4.912835388183593750e+02,0.000000000000000000e+00,-6.239601135253906250e+00,-3.969713592529296875e+01,0.000000000000000000e+00,3.450000000000000000e+02,3.790000000000000000e+02,1.000000000000000000e+00,-6.239601135253906250e+00,-3.969713592529296875e+01,0.000000000000000000e+00,-6.239601135253906250e+00,-3.969713592529296875e+01,0.000000000000000000e+00,2.760000000000000000e+02,9.100000000000000000e+01,1.000000000000000000e+00,3.020000000000000000e+02,8.800000000000000000e+01,1.000000000000000000e+00,2.580000000000000000e+02,1.110000000000000000e+02,1.000000000000000000e+00,3.190000000000000000e+02,1.000000000000000000e+02,1.000000000000000000e+00,-6.239601135253906250e+00,-3.969713592529296875e+01,0.000000000000000000e+00,-6.239601135253906250e+00,-3.969713592529296875e+01,0.000000000000000000e+00,-6.239601135253906250e+00,-3.969713592529296875e+01,0.000000000000000000e+00,-6.239601135253906250e+00,-3.969713592529296875e+01,0.000000000000000000e+00,-6.239601135253906250e+00,-3.969713592529296875e+01,0.000000000000000000e+00,-6.239601135253906250e+00,-3.969713592529296875e+01,0.000000000000000000e+00,1.320968824992217572e+00,2.036316592782690726e+00,2.214297435588180818e+00,2.692128490580295797e+00
2.920000000000000000e+02,9.900000000000000000e+01,1.000000000000000000e+00,3.000000000000000000e+02,1.810000000000000000e+02,1.000000000000000000e+00,2.400000000000000000e+02,1.860000000000000000e+02,1.000000000000000000e+00,2.010000000000000000e+02,2.760000000000000000e+02,1.000000000000000000e+00,2.630000000000000000e+02,2.760000000000000000e+02,1.000000000000000000e+00,3.620000000000000000e+02,1.750000000000000000e+02,1.000000000000000000e+00,4.570000000000000000e+02,2.090000000000000000e+02,1.000000000000000000e+00,5.350000000000000000e+02,1.550000000000000000e+02,1.000000000000000000e+00,3.020000000000000000e+02,3.770000000000000000e+02,1.000000000000000000e+00,2.510000000000000000e+02,3.800000000000000000e+02,1.000000000000000000e+00,2.507425079345703125e+02,4.916942443847656250e+02,0.000000000000000000e+00,-1.133547210693359375e+01,-4.281631469726562500e+01,0.000000000000000000e+00,3.470000000000000000e+02,3.790000000000000000e+02,1.000000000000000000e+00,-1.133547210693359375e+01,-4.281631469726562500e+01,0.000000000000000000e+00,-1.133547210693359375e+01,-4.281631469726562500e+01,0.000000000000000000e+00,2.760000000000000000e+02,9.100000000000000000e+01,1.000000000000000000e+00,3.020000000000000000e+02,8.800000000000000000e+01,1.000000000000000000e+00,2.580000000000000000e+02,1.110000000000000000e+02,1.000000000000000000e+00,3.190000000000000000e+02,1.000000000000000000e+02,1.000000000000000000e+00,-1.133547210693359375e+01,-4.281631469726562500e+01,0.000000000000000000e+00,-1.133547210693359375e+01,-4.281631469726562500e+01,0.000000000000000000e+00,-1.133547210693359375e+01,-4.281631469726562500e+01,0.000000000000000000e+00,-1.133547210693359375e+01,-4.281631469726562500e+01,0.000000000000000000e+00,-1.133547210693359375e+01,-4.281631469726562500e+01,0.000000000000000000e+00,-1.133547210693359375e+01,-4.281631469726562500e+01,0.000000000000000000e+00,1.161888497843971191e+00,2.062845387634263172e+00,2.192357382996218629e+00,2.701428271418601756e+00
2.920000000000000000e+02,9.800000000000000000e+01,1.000000000000000000e+00,3.000000000000000000e+02,1.810000000000000000e+02,1.000000000000000000e+00,2.390000000000000000e+02,1.860000000000000000e+02,1.000000000000000000e+00,1.990000000000000000e+02,2.780000000000000000e+02,1.000000000000000000e+00,2.620000000000000000e+02,2.620000000000000000e+02,1.000000000000000000e+00,3.620000000000000000e+02,1.750000000000000000e+02,1.000000000000000000e+00,4.570000000000000000e+02,2.090000000000000000e+02,1.000000000000000000e+00,5.340000000000000000e+02,1.530000000000000000e+02,1.000000000000000000e+00,3.000000000000000000e+02,3.790000000000000000e+02,1.000000000000000000e+00,2.500000000000000000e+02,3.800000000000000000e+02,1.000000000000000000e+00,2.512131042480468750e+02,4.916030883789062500e+02,0.000000000000000000e+00,-1.169960784912109375e+01,-4.365718841552734375e+01,0.000000000000000000e+00,3.460000000000000000e+02,3.790000000000000000e+02,1.000000000000000000e+00,-1.169960784912109375e+01,-4.365718841552734375e+01,0.000000000000000000e+00,-1.169960784912109375e+01,-4.365718841552734375e+01,0.000000000000000000e+00,2.760000000000000000e+02,9.000000000000000000e+01,1.000000000000000000e+00,3.020000000000000000e+02,8.700000000000000000e+01,1.000000000000000000e+00,2.580000000000000000e+02,1.100000000000000000e+02,1.000000000000000000e+00,3.190000000000000000e+02,1.000000000000000000e+02,1.000000000000000000e+00,-1.169960784912109375e+01,-4.365718841552734375e+01,0.000000000000000000e+00,-1.169960784912109375e+01,-4.365718841552734375e+01,0.000000000000000000e+00,-1.169960784912109375e+01,-4.365718841552734375e+01,0.000000000000000000e+00,-1.169960784912109375e+01,-4.365718841552734375e+01,0.000000000000000000e+00,-1.169960784912109375e+01,-4.365718841552734375e+01,0.000000000000000000e+00,-1.169960784912109375e+01,-4.365718841552734375e+01,0.000000000000000000e+00,9.119589971598829337e-01,2.062708047954383783e+00,2.169105760185755738e+00,2.701428271418601756e+00
2.920000000000000000e+02,9.700000000000000000e+01,1.000000000000000000e+00,3.000000000000000000e+02,1.810000000000000000e+02,1.000000000000000000e+00,2.390000000000000000e+02,1.850000000000000000e+02,1.000000000000000000e+00,2.000000000000000000e+02,2.790000000000000000e+02,1.000000000000000000e+00,2.580000000000000000e+02,2.490000000000000000e+02,1.000000000000000000e+00,3.620000000000000000e+02,1.750000000000000000e+02,1.000000000000000000e+00,4.570000000000000000e+02,2.090000000000000000e+02,1.000000000000000000e+00,5.320000000000000000e+02,1.510000000000000000e+02,1.000000000000000000e+00,3.010000000000000000e+02,3.790000000000000000e+02,1.000000000000000000e+00,2.500000000000000000e+02,3.800000000000000000e+02,1.000000000000000000e+00,2.515441589355468750e+02,4.922985534667968750e+02,0.000000000000000000e+00,-1.092346954345703125e+01,-4.377874755859375000e+01,0.000000000000000000e+00,3.450000000000000000e+02,3.790000000000000000e+02,1.000000000000000000e+00,-1.092346954345703125e+01,-4.377874755859375000e+01,0.000000000000000000e+00,-1.092346954345703125e+01,-4.377874755859375000e+01,0.000000000000000000e+00,2.760000000000000000e+02,8.900000000000000000e+01,1.000000000000000000e+00,3.020000000000000000e+02,8.600000000000000000e+01,1.000000000000000000e+00,2.580000000000000000e+02,1.090000000000000000e+02,1.000000000000000000e+00,3.190000000000000000e+02,9.900000000000000000e+01,1.000000000000000000e+00,-1.092346954345703125e+01,-4.377874755859375000e+01,0.000000000000000000e+00,-1.092346954345703125e+01,-4.377874755859375000e+01,0.000000000000000000e+00,-1.092346954345703125e+01,-4.377874755859375000e+01,0.000000000000000000e+00,-1.092346954345703125e+01,-4.377874755859375000e+01,0.000000000000000000e+00,-1.092346954345703125e+01,-4.377874755859375000e+01,0.000000000000000000e+00,-1.092346954345703125e+01,-4.377874755859375000e+01,0.000000000000000000e+00,7.001715393673281218e-01,2.029555756772258412e+00,2.139634078766464054e+00,2.701428271418601756e+00
2.920000000000000000e+02,9.600000000000000000e+01,1.000000000000000000e+00,3.000000000000000000e+02,1.810000000000000000e+02,1.000000000000000000e+00,2.390000000000000000e+02,1.840000000000000000e+02,1.000000000000000000e+00,1.990000000000000000e+02,2.780000000000000000e+02,1.000000000000000000e+00,2.540000000000000000e+02,2.390000000000000000e+02,1.000000000000000000e+00,3.620000000000000000e+02,1.750000000000000000e+02,1.000000000000000000e+00,4.570000000000000000e+02,2.090000000000000000e+02,1.000000000000000000e+00,5.300000000000000000e+02,1.490000000000000000e+02,1.000000000000000000e+00,3.000000000000000000e+02,3.780000000000000000e+02,1.000000000000000000e+00,2.510000000000000000e+02,3.800000000000000000e+02,1.000000000000000000e+00,2.516847991943359375e+02,4.920546569824218750e+02,0.000000000000000000e+00,-1.122634124755859375e+01,-4.465315246582031250e+01,0.000000000000000000e+00,3.450000000000000000e+02,3.790000000000000000e+02,1.000000000000000000e+00,-1.122634124755859375e+01,-4.465315246582031250e+01,0.000000000000000000e+00,-1.122634124755859375e+01,-4.465315246582031250e+01,0.000000000000000000e+00,2.760000000000000000e+02,8.800000000000000000e+01,1.000000000000000000e+00,3.020000000000000000e+02,8.500000000000000000e+01,1.000000000000000000e+00,2.580000000000000000e+02,1.080000000000000000e+02,1.000000000000000000e+00,3.190000000000000000e+02,9.600000000000000000e+01,1.000000000000000000e+00,-1.122634124755859375e+01,-4.465315246582031250e+01,0.000000000000000000e+00,-1.122634124755859375e+01,-4.465315246582031250e+01,0.000000000000000000e+00,-1.122634124755859375e+01,-4.465315246582031250e+01,0.000000000000000000e+00,-1.122634124755859375e+01,-4.465315246582031250e+01,0.000000000000000000e+00,-1.122634124755859375e+01,-4.465315246582031250e+01,0.000000000000000000e+00,-1.122634124755859375e+01,-4.465315246582031250e+01,0.000000000000000000e+00,5.516740051464369410e-01,2.022258159071357309e+00,2.109938734495996560e+00,2.701428271418601756e+00
2.920000000000000000e+02,9.500000000000000000e+01,1.000000000000000000e+00,3.000000000000000000e+02,1.810000000000000000e+02,1.000000000000000000e+00,2.390000000000000000e+02,1.840000000000000000e+02,1.000000000000000000e+00,2.000000000000000000e+02,2.810000000000000000e+02,1.000000000000000000e+00,2.480000000000000000e+02,2.340000000000000000e+02,1.000000000000000000e+00,3.610000000000000000e+02,1.720000000000000000e+02,1.000000000000000000e+00,4.570000000000000000e+02,2.090000000000000000e+02,1.000000000000000000e+00,5.280000000000000000e+02,1.480000000000000000e+02,1.000000000000000000e+00,3.000000000000000000e+02,3.780000000000000000e+02,1.000000000000000000e+00,2.520000000000000000e+02,3.800000000000000000e+02,1.000000000000000000e+00,2.516938629150390625e+02,4.926005859375000000e+02,0.000000000000000000e+00,-9.475280761718750000e+00,-4.527640533447265625e+01,0.000000000000000000e+00,3.460000000000000000e+02,3.790000000000000000e+02,1.000000000000000000e+00,-9.475280761718750000e+00,-4.527640533447265625e+01,0.000000000000000000e+00,-9.475280761718750000e+00,-4.527640533447265625e+01,0.000000000000000000e+00,2.760000000000000000e+02,8.700000000000000000e+01,1.000000000000000000e+00,3.030000000000000000e+02,8.400000000000000000e+01,1.000000000000000000e+00,2.580000000000000000e+02,1.070000000000000000e+02,1.000000000000000000e+00,3.200000000000000000e+02,9.500000000000000000e+01,1.000000000000000000e+00,-9.475280761718750000e+00,-4.527640533447265625e+01,0.000000000000000000e+00,-9.475280761718750000e+00,-4.527640533447265625e+01,0.000000000000000000e+00,-9.475280761718750000e+00,-4.527640533447265625e+01,0.000000000000000000e+00,-9.475280761718750000e+00,-4.527640533447265625e+01,0.000000000000000000e+00,-9.475280761718750000e+00,-4.527640533447265625e+01,0.000000000000000000e+00,-9.475280761718750000e+00,-4.527640533447265625e+01,0.000000000000000000e+00,4.136415162504240572e-01,2.002219635389665964e+00,2.063935963018021624e+00,2.627236804785078483e+00
2.930000000000000000e+02,9.500000000000000000e+01,1.000000000000000000e+00,3.000000000000000000e+02,1.810000000000000000e+02,1.000000000000000000e+00,2.390000000000000000e+02,1.840000000000000000e+02,1.000000000000000000e+00,2.000000000000000000e+02,2.820000000000000000e+02,1.000000000000000000e+00,2.440000000000000000e+02,2.320000000000000000e+02,1.000000000000000000e+00,3.610000000000000000e+02,1.720000000000000000e+02,1.000000000000000000e+00,4.570000000000000000e+02,2.090000000000000000e+02,1.000000000000000000e+00,5.330000000000000000e+02,1.390000000000000000e+02,1.000000000000000000e+00,3.000000000000000000e+02,3.780000000000000000e+02,1.000000000000000000e+00,2.520000000000000000e+02,3.800000000000000000e+02,1.000000000000000000e+00,2.515270690917968750e+02,4.926829833984375000e+02,0.000000000000000000e+00,-9.402328491210937500e+00,-4.509502410888671875e+01,0.000000000000000000e+00,3.450000000000000000e+02,3.790000000000000000e+02,1.000000000000000000e+00,-9.402328491210937500e+00,-4.509502410888671875e+01,0.000000000000000000e+00,-9.402328491210937500e+00,-4.509502410888671875e+01,0.000000000000000000e+00,2.770000000000000000e+02,8.700000000000000000e+01,1.000000000000000000e+00,3.040000000000000000e+02,8.400000000000000000e+01,1.000000000000000000e+00,2.590000000000000000e+02,1.070000000000000000e+02,1.000000000000000000e+00,3.210000000000000000e+02,9.500000000000000000e+01,1.000000000000000000e+00,-9.402328491210937500e+00,-4.509502410888671875e+01,0.000000000000000000e+00,-9.402328491210937500e+00,-4.509502410888671875e+01,0.000000000000000000e+00,-9.402328491210937500e+00,-4.509502410888671875e+01,0.000000000000000000e+00,-9.402328491210937500e+00,-4.509502410888671875e+01,0.000000000000000000e+00,-9.402328491210937500e+00,-4.509502410888671875e+01,0.000000000000000000e+00,-9.402328491210937500e+00,-4.509502410888671875e+01,0.000000000000000000e+00,3.429090353136772240e-01,1.998682876762001071e+00,2.029395598371645626e+00,2.627236804785078483e+00
2.940000000000000000e+02,9.600000000000000000e+01,1.000000000000000000e+00,3.000000000000000000e+02,1.810000000000000000e+02,1.000000000000000000e+00,2.390000000000000000e+02,1.840000000000000000e+02,1.000000000000000000e+00,2.020000000000000000e+02,2.860000000000000000e+02,1.000000000000000000e+00,2.470000000000000000e+02,2.360000000000000000e+02,1.000000000000000000e+00,3.610000000000000000e+02,1.720000000000000000e+02,1.000000000000000000e+00,4.570000000000000000e+02,2.090000000000000000e+02,1.000000000000000000e+00,5.320000000000000000e+02,1.390000000000000000e+02,1.000000000000000000e+00,3.000000000000000000e+02,3.780000000000000000e+02,1.000000000000000000e+00,2.520000000000000000e+02,3.800000000000000000e+02,1.000000000000000000e+00,2.515113983154296875e+02,4.930219116210937500e+02,0.000000000000000000e+00,-9.962600708007812500e+00,-4.523783874511718750e+01,0.000000000000000000e+00,3.450000000000000000e+02,3.790000000000000000e+02,1.000000000000000000e+00,-9.962600708007812500e+00,-4.523783874511718750e+01,0.000000000000000000e+00,-9.962600708007812500e+00,-4.523783874511718750e+01,0.000000000000000000e+00,2.780000000000000000e+02,8.700000000000000000e+01,1.000000000000000000e+00,3.050000000000000000e+02,8.400000000000000000e+01,1.000000000000000000e+00,2.600000000000000000e+02,1.070000000000000000e+02,1.000000000000000000e+00,3.220000000000000000e+02,9.500000000000000000e+01,1.000000000000000000e+00,-9.962600708007812500e+00,-4.523783874511718750e+01,0.000000000000000000e+00,-9.962600708007812500e+00,-4.523783874511718750e+01,0.000000000000000000e+00,-9.962600708007812500e+00,-4.523783874511718750e+01,0.000000000000000000e+00,-9.962600708007812500e+00,-4.523783874511718750e+01,0.000000000000000000e+00,-9.962600708007812500e+00,-4.523783874511718750e+01,0.000000000000000000e+00,-9.962600708007812500e+00,-4.523783874511718750e+01,0.000000000000000000e+00,3.848314996146728340e-01,1.967920663382750623e+00,2.022791920780699471e+00,2.627236804785078483e+00
2.950000000000000000e+02,9.700000000000000000e+01,1.000000000000000000e+00,3.000000000000000000e+02,1.810000000000000000e+02,1.000000000000000000e+00,2.390000000000000000e+02,1.850000000000000000e+02,1.000000000000000000e+00,2.020000000000000000e+02,2.890000000000000000e+02,1.000000000000000000e+00,2.560000000000000000e+02,2.450000000000000000e+02,1.000000000000000000e+00,3.610000000000000000e+02,1.720000000000000000e+02,1.000000000000000000e+00,4.570000000000000000e+02,2.090000000000000000e+02,1.000000000000000000e+00,5.310000000000000000e+02,1.420000000000000000e+02,1.000000000000000000e+00,3.000000000000000000e+02,3.780000000000000000e+02,1.000000000000000000e+00,2.530000000000000000e+02,3.800000000000000000e+02,1.000000000000000000e+00,2.512384796142578125e+02,4.932695007324218750e+02,0.000000000000000000e+00,-9.079391479492187500e+00,-4.476757812500000000e+01,0.000000000000000000e+00,3.450000000000000000e+02,3.790000000000000000e+02,1.000000000000000000e+00,-9.079391479492187500e+00,-4.476757812500000000e+01,0.000000000000000000e+00,-9.079391479492187500e+00,-4.476757812500000000e+01,0.000000000000000000e+00,2.790000000000000000e+02,8.800000000000000000e+01,1.000000000000000000e+00,3.060000000000000000e+02,8.500000000000000000e+01,1.000000000000000000e+00,2.610000000000000000e+02,1.080000000000000000e+02,1.000000000000000000e+00,3.230000000000000000e+02,9.500000000000000000e+01,1.000000000000000000e+00,-9.079391479492187500e+00,-4.476757812500000000e+01,0.000000000000000000e+00,-9.079391479492187500e+00,-4.476757812500000000e+01,0.000000000000000000e+00,-9.079391479492187500e+00,-4.476757812500000000e+01,0.000000000000000000e+00,-9.079391479492187500e+00,-4.476757812500000000e+01,0.000000000000000000e+00,-9.079391479492187500e+00,-4.476757812500000000e+01,0.000000000000000000e+00,-9.079391479492187500e+00,-4.476757812500000000e+01,0.000000000000000000e+00,5.452818431796363496e-01,1.978081523699250388e+00,2.037927483646646110e+00,2.627236804785078483e+00
2.950000000000000000e+02,9.800000000000000000e+01,1.000000000000000000e+00,3.000000000000000000e+02,1.810000000000000000e+02,1.000000000000000000e+00,2.390000000000000000e+02,1.850000000000000000e+02,1.000000000000000000e+00,2.020000000000000000e+02,2.910000000000000000e+02,1.000000000000000000e+00,2.620000000000000000e+02,2.580000000000000000e+02,1.000000000000000000e+00,3.610000000000000000e+02,1.720000000000000000e+02,1.000000000000000000e+00,4.570000000000000000e+02,2.090000000000000000e+02,1.000000000000000000e+00,5.320000000000000000e+02,1.430000000000000000e+02,1.000000000000000000e+00,3.000000000000000000e+02,3.780000000000000000e+02,1.000000000000000000e+00,2.510000000000000000e+02,3.800000000000000000e+02,1.000000000000000000e+00,2.511431121826171875e+02,4.940027770996093750e+02,0.000000000000000000e+00,-9.180740356445312500e+00,-4.481523895263671875e+01,0.000000000000000000e+00,3.450000000000000000e+02,3.790000000000000000e+02,1.000000000000000000e+00,-9.180740356445312500e+00,-4.481523895263671875e+01,0.000000000000000000e+00,-9.180740356445312500e+00,-4.481523895263671875e+01,0.000000000000000000e+00,2.790000000000000000e+02,8.900000000000000000e+01,1.000000000000000000e+00,3.060000000000000000e+02,8.600000000000000000e+01,1.000000000000000000e+00,2.610000000000000000e+02,1.080000000000000000e+02,1.000000000000000000e+00,3.230000000000000000e+02,9.500000000000000000e+01,1.000000000000000000e+00,-9.180740356445312500e+00,-4.481523895263671875e+01,0.000000000000000000e+00,-9.180740356445312500e+00,-4.481523895263671875e+01,0.000000000000000000e+00,-9.180740356445312500e+00,-4.481523895263671875e+01,0.000000000000000000e+00,-9.180740356445312500e+00,-4.481523895263671875e+01,0.000000000000000000e+00,-9.180740356445312500e+00,-4.481523895263671875e+01,0.000000000000000000e+00,-9.180740356445312500e+00,-4.481523895263671875e+01,0.000000000000000000e+00,7.321189856475334157e-01,1.972110481937863868e+00,2.052066132313878466e+00,2.627236804785078483e+00
2.950000000000000000e+02,9.900000000000000000e+01,1.000000000000000000e+00,3.000000000000000000e+02,1.810000000000000000e+02,1.000000000000000000e+00,2.390000000000000000e+02,1.850000000000000000e+02,1.000000000000000000e+00,1.990000000000000000e+02,2.820000000000000000e+02,1.000000000000000000e+00,2.640000000000000000e+02,2.760000000000000000e+02,1.000000000000000000e+00,3.610000000000000000e+02,1.720000000000000000e+02,1.000000000000000000e+00,4.580000000000000000e+02,2.090000000000000000e+02,1.000000000000000000e+00,5.320000000000000000e+02,1.460000000000000000e+02,1.000000000000000000e+00,2.990000000000000000e+02,3.780000000000000000e+02,1.000000000000000000e+00,2.540000000000000000e+02,3.790000000000000000e+02,1.000000000000000000e+00,2.509191284179687500e+02,4.943499450683593750e+02,0.000000000000000000e+00,-9.434997558593750000e+00,-4.466760253906250000e+01,0.000000000000000000e+00,3.450000000000000000e+02,3.790000000000000000e+02,1.000000000000000000e+00,-9.434997558593750000e+00,-4.466760253906250000e+01,0.000000000000000000e+00,-9.434997558593750000e+00,-4.466760253906250000e+01,0.000000000000000000e+00,2.790000000000000000e+02,9.000000000000000000e+01,1.000000000000000000e+00,3.060000000000000000e+02,8.700000000000000000e+01,1.000000000000000000e+00,2.610000000000000000e+02,1.090000000000000000e+02,1.000000000000000000e+00,3.230000000000000000e+02,9.500000000000000000e+01,1.000000000000000000e+00,-9.434997558593750000e+00,-4.466760253906250000e+01,0.000000000000000000e+00,-9.434997558593750000e+00,-4.466760253906250000e+01,0.000000000000000000e+00,-9.434997558593750000e+00,-4.466760253906250000e+01,0.000000000000000000e+00,-9.434997558593750000e+00,-4.466760253906250000e+01,0.000000000000000000e+00,-9.434997558593750000e+00,-4.466760253906250000e+01,0.000000000000000000e+00,-9.434997558593750000e+00,-4.466760253906250000e+01,0.000000000000000000e+00,1.087624030962460742e+00,2.027401798687390677e+00,2.071906994090956466e+00,2.630700886051029475e+00
2.940000000000000000e+02,1.000000000000000000e+02,1.000000000000000000e+00,3.000000000000000000e+02,1.810000000000000000e+02,1.000000000000000000e+00,2.390000000000000000e+02,1.850000000000000000e+02,1.000000000000000000e+00,1.990000000000000000e+02,2.720000000000000000e+02,1.000000000000000000e+00,2.160000000000000000e+02,2.840000000000000000e+02,1.000000000000000000e+00,3.610000000000000000e+02,1.720000000000000000e+02,1.000000000000000000e+00,4.590000000000000000e+02,2.090000000000000000e+02,1.000000000000000000e+00,5.340000000000000000e+02,1.480000000000000000e+02,1.000000000000000000e+00,3.000000000000000000e+02,3.780000000000000000e+02,1.000000000000000000e+00,2.540000000000000000e+02,3.790000000000000000e+02,1.000000000000000000e+00,2.510224609375000000e+02,4.941322631835937500e+02,0.000000000000000000e+00,-1.023384857177734375e+01,-4.466008758544921875e+01,0.000000000000000000e+00,3.450000000000000000e+02,3.790000000000000000e+02,1.000000000000000000e+00,-1.023384857177734375e+01,-4.466008758544921875e+01,0.000000000000000000e+00,-1.023384857177734375e+01,-4.466008758544921875e+01,0.000000000000000000e+00,2.780000000000000000e+02,9.100000000000000000e+01,1.000000000000000000e+00,3.050000000000000000e+02,8.800000000000000000e+01,1.000000000000000000e+00,2.620000000000000000e+02,1.080000000000000000e+02,1.000000000000000000e+00,3.230000000000000000e+02,9.500000000000000000e+01,1.000000000000000000e+00,-1.023384857177734375e+01,-4.466008758544921875e+01,0.000000000000000000e+00,-1.023384857177734375e+01,-4.466008758544921875e+01,0.000000000000000000e+00,-1.023384857177734375e+01,-4.466008758544921875e+01,0.000000000000000000e+00,-1.023384857177734375e+01,-4.466008758544921875e+01,0.000000000000000000e+00,-1.023384857177734375e+01,-4.466008758544921875e+01,0.000000000000000000e+00,-1.023384857177734375e+01,-4.466008758544921875e+01,0.000000000000000000e+00,1.754510291316685455e+00,2.067225339118738070e+00,2.097769039188176698e+00,2.634103171773769514e+00
2.930000000000000000e+02,1.010000000000000000e+02,1.000000000000000000e+00,3.000000000000000000e+02,1.810000000000000000e+02,1.000000000000000000e+00,2.400000000000000000e+02,1.850000000000000000e+02,1.000000000000000000e+00,2.010000000000000000e+02,2.750000000000000000e+02,1.000000000000000000e+00,2.780000000000000000e+02,3.080000000000000000e+02,1.000000000000000000e+00,3.610000000000000000e+02,1.720000000000000000e+02,1.000000000000000000e+00,4.590000000000000000e+02,2.090000000000000000e+02,1.000000000000000000e+00,5.360000000000000000e+02,1.500000000000000000e+02,1.000000000000000000e+00,2.980000000000000000e+02,3.780000000000000000e+02,1.000000000000000000e+00,2.540000000000000000e+02,3.790000000000000000e+02,1.000000000000000000e+00,2.509428405761718750e+02,4.941266479492187500e+02,0.000000000000000000e+00,-9.228698730468750000e+00,-4.371293640136718750e+01,0.000000000000000000e+00,3.440000000000000000e+02,3.790000000000000000e+02,1.000000000000000000e+00,-9.228698730468750000e+00,-4.371293640136718750e+01,0.000000000000000000e+00,-9.228698730468750000e+00,-4.371293640136718750e+01,0.000000000000000000e+00,2.770000000000000000e+02,9.200000000000000000e+01,1.000000000000000000e+00,3.040000000000000000e+02,8.900000000000000000e+01,1.000000000000000000e+00,2.610000000000000000e+02,1.090000000000000000e+02,1.000000000000000000e+00,3.230000000000000000e+02,9.500000000000000000e+01,1.000000000000000000e+00,-9.228698730468750000e+00,-4.371293640136718750e+01,0.000000000000000000e+00,-9.228698730468750000e+00,-4.371293640136718750e+01,0.000000000000000000e+00,-9.228698730468750000e+00,-4.371293640136718750e+01,0.000000000000000000e+00,-9.228698730468750000e+00,-4.371293640136718750e+01,0.000000000000000000e+00,-9.228698730468750000e+00,-4.371293640136718750e+01,0.000000000000000000e+00,-9.228698730468750000e+00,-4.371293640136718750e+01,0.000000000000000000e+00,1.566780284129054790e+00,2.046272319521645677e+00,2.126777328227802855e+00,2.634103171773769514e+00
2.920000000000000000e+02,1.010000000000000000e+02,1.000000000000000000e+00,3.000000000000000000e+02,1.810000000000000000e+02,1.000000000000000000e+00,2.410000000000000000e+02,1.850000000000000000e+02,1.000000000000000000e+00,2.030000000000000000e+02,2.760000000000000000e+02,1.000000000000000000e+00,2.720000000000000000e+02,3.140000000000000000e+02,1.000000000000000000e+00,3.610000000000000000e+02,1.720000000000000000e+02,1.000000000000000000e+00,4.600000000000000000e+02,2.090000000000000000e+02,1.000000000000000000e+00,5.370000000000000000e+02,1.510000000000000000e+02,1.000000000000000000e+00,2.960000000000000000e+02,3.800000000000000000e+02,1.000000000000000000e+00,2.520000000000000000e+02,3.790000000000000000e+02,1.000000000000000000e+00,2.506502532958984375e+02,4.936156921386718750e+02,0.000000000000000000e+00,-9.914627075195312500e+00,-4.521833801269531250e+01,0.000000000000000000e+00,3.430000000000000000e+02,3.790000000000000000e+02,1.000000000000000000e+00,-9.914627075195312500e+00,-4.521833801269531250e+01,0.000000000000000000e+00,-9.914627075195312500e+00,-4.521833801269531250e+01,0.000000000000000000e+00,2.760000000000000000e+02,9.200000000000000000e+01,1.000000000000000000e+00,3.030000000000000000e+02,8.900000000000000000e+01,1.000000000000000000e+00,2.610000000000000000e+02,1.090000000000000000e+02,1.000000000000000000e+00,3.220000000000000000e+02,9.500000000000000000e+01,1.000000000000000000e+00,-9.914627075195312500e+00,-4.521833801269531250e+01,0.000000000000000000e+00,-9.914627075195312500e+00,-4.521833801269531250e+01,0.000000000000000000e+00,-9.914627075195312500e+00,-4.521833801269531250e+01,0.000000000000000000e+00,-9.914627075195312500e+00,-4.521833801269531250e+01,0.000000000000000000e+00,-9.914627075195312500e+00,-4.521833801269531250e+01,0.000000000000000000e+00,-9.914627075195312500e+00,-4.521833801269531250e+01,0.000000000000000000e+00,1.678624560448744196e+00,2.034060500231671842e+00,2.138353607965331804e+00,2.637445224185026138e+00
2.910000000000000000e+02,1.000000000000000000e+02,1.000000000000000000e+00,3.000000000000000000e+02,1.810000000000000000e+02,1.000000000000000000e+00,2.410000000000000000e+02,1.850000000000000000e+02,1.000000000000000000e+00,2.010000000000000000e+02,2.740000000000000000e+02,1.000000000000000000e+00,2.680000000000000000e+02,3.050000000000000000e+02,1.000000000000000000e+00,3.610000000000000000e+02,1.720000000000000000e+02,1.000000000000000000e+00,4.600000000000000000e+02,2.090000000000000000e+02,1.000000000000000000e+00,5.380000000000000000e+02,1.520000000000000000e+02,1.000000000000000000e+00,2.980000000000000000e+02,3.780000000000000000e+02,1.000000000000000000e+00,2.520000000000000000e+02,3.790000000000000000e+02,1.000000000000000000e+00,2.510014190673828125e+02,4.946836242675781250e+02,0.000000000000000000e+00,-9.845230102539062500e+00,-4.458652496337890625e+01,0.000000000000000000e+00,3.440000000000000000e+02,3.790000000000000000e+02,1.000000000000000000e+00,-9.845230102539062500e+00,-4.458652496337890625e+01,0.000000000000000000e+00,-9.845230102539062500e+00,-4.458652496337890625e+01,0.000000000000000000e+00,2.750000000000000000e+02,9.100000000000000000e+01,1.000000000000000000e+00,3.030000000000000000e+02,8.800000000000000000e+01,1.000000000000000000e+00,2.610000000000000000e+02,1.090000000000000000e+02,1.000000000000000000e+00,3.210000000000000000e+02,9.700000000000000000e+01,1.000000000000000000e+00,-9.845230102539062500e+00,-4.458652496337890625e+01,0.000000000000000000e+00,-9.845230102539062500e+00,-4.458652496337890625e+01,0.000000000000000000e+00,-9.845230102539062500e+00,-4.458652496337890625e+01,0.000000000000000000e+00,-9.845230102539062500e+00,-4.458652496337890625e+01,0.000000000000000000e+00,-9.845230102539062500e+00,-4.458652496337890625e+01,0.000000000000000000e+00,-9.845230102539062500e+00,-4.458652496337890625e+01,0.000000000000000000e+00,1.581763539429600574e+00,2.060875985936192034e+00,2.152850015107257597e+00,2.637445224185026138e+00
2.910000000000000000e+02,9.900000000000000000e+01,1.000000000000000000e+00,3.000000000000000000e+02,1.810000000000000000e+02,1.000000000000000000e+00,2.400000000000000000e+02,1.850000000000000000e+02,1.000000000000000000e+00,1.980000000000000000e+02,2.730000000000000000e+02,1.000000000000000000e+00,2.660000000000000000e+02,2.910000000000000000e+02,1.000000000000000000e+00,3.610000000000000000e+02,1.720000000000000000e+02,1.000000000000000000e+00,4.600000000000000000e+02,2.090000000000000000e+02,1.000000000000000000e+00,5.390000000000000000e+02,1.520000000000000000e+02,1.000000000000000000e+00,2.980000000000000000e+02,3.740000000000000000e+02,1.000000000000000000e+00,2.530000000000000000e+02,3.770000000000000000e+02,1.000000000000000000e+00,2.512482910156250000e+02,4.942831726074218750e+02,0.000000000000000000e+00,-1.150556945800781250e+01,-4.502655029296875000e+01,0.000000000000000000e+00,3.460000000000000000e+02,3.790000000000000000e+02,1.000000000000000000e+00,-1.150556945800781250e+01,-4.502655029296875000e+01,0.000000000000000000e+00,-1.150556945800781250e+01,-4.502655029296875000e+01,0.000000000000000000e+00,2.750000000000000000e+02,9.000000000000000000e+01,1.000000000000000000e+00,3.030000000000000000e+02,8.700000000000000000e+01,1.000000000000000000e+00,2.610000000000000000e+02,1.080000000000000000e+02,1.000000000000000000e+00,3.210000000000000000e+02,9.600000000000000000e+01,1.000000000000000000e+00,-1.150556945800781250e+01,-4.502655029296875000e+01,0.000000000000000000e+00,-1.150556945800781250e+01,-4.502655029296875000e+01,0.000000000000000000e+00,-1.150556945800781250e+01,-4.502655029296875000e+01,0.000000000000000000e+00,-1.150556945800781250e+01,-4.502655029296875000e+01,0.000000000000000000e+00,-1.150556945800781250e+01,-4.502655029296875000e+01,0.000000000000000000e+00,-1.150556945800781250e+01,-4.502655029296875000e+01,0.000000000000000000e+00,1.384266174870908417e+00,2.082665534458406409e+00,2.158906683157089557e+00,2.637445224185026138e+00
2.910000000000000000e+02,9.800000000000000000e+01,1.000000000000000000e+00,3.000000000000000000e+02,1.810000000000000000e+02,1.000000000000000000e+00,2.390000000000000000e+02,1.840000000000000000e+02,1.000000000000000000e+00,1.970000000000000000e+02,2.720000000000000000e+02,1.000000000000000000e+00,2.630000000000000000e+02,2.730000000000000000e+02,1.000000000000000000e+00,3.610000000000000000e+02,1.720000000000000000e+02,1.000000000000000000e+00,4.600000000000000000e+02,2.090000000000000000e+02,1.000000000000000000e+00,5.390000000000000000e+02,1.520000000000000000e+02,1.000000000000000000e+00,2.980000000000000000e+02,3.740000000000000000e+02,1.000000000000000000e+00,2.510000000000000000e+02,3.770000000000000000e+02,1.000000000000000000e+00,2.516938476562500000e+02,4.955297546386718750e+02,0.000000000000000000e+00,-1.160034179687500000e+01,-4.354581451416015625e+01,0.000000000000000000e+00,3.450000000000000000e+02,3.770000000000000000e+02,1.000000000000000000e+00,-1.160034179687500000e+01,-4.354581451416015625e+01,0.000000000000000000e+00,-1.160034179687500000e+01,-4.354581451416015625e+01,0.000000000000000000e+00,2.750000000000000000e+02,8.900000000000000000e+01,1.000000000000000000e+00,3.030000000000000000e+02,8.600000000000000000e+01,1.000000000000000000e+00,2.610000000000000000e+02,1.070000000000000000e+02,1.000000000000000000e+00,3.210000000000000000e+02,9.500000000000000000e+01,1.000000000000000000e+00,-1.160034179687500000e+01,-4.354581451416015625e+01,0.000000000000000000e+00,-1.160034179687500000e+01,-4.354581451416015625e+01,0.000000000000000000e+00,-1.160034179687500000e+01,-4.354581451416015625e+01,0.000000000000000000e+00,-1.160034179687500000e+01,-4.354581451416015625e+01,0.000000000000000000e+00,-1.160034179687500000e+01,-4.354581451416015625e+01,0.000000000000000000e+00,-1.160034179687500000e+01,-4.354581451416015625e+01,0.000000000000000000e+00,1.140645638781980553e+00,2.065238105098602617e+00,2.158906683157089557e+00,2.637445224185026138e+00
2.910000000000000000e+02,9.700000000000000000e+01,1.000000000000000000e+00,3.000000000000000000e+02,1.800000000000000000e+02,1.000000000000000000e+00,2.390000000000000000e+02,1.830000000000000000e+02,1.000000000000000000e+00,1.970000000000000000e+02,2.760000000000000000e+02,1.000000000000000000e+00,2.500000000000000000e+02,2.520000000000000000e+02,1.000000000000000000e+00,3.610000000000000000e+02,1.720000000000000000e+02,1.000000000000000000e+00,4.600000000000000000e+02,2.090000000000000000e+02,1.000000000000000000e+00,5.360000000000000000e+02,1.530000000000000000e+02,1.000000000000000000e+00,2.990000000000000000e+02,3.740000000000000000e+02,1.000000000000000000e+00,2.500000000000000000e+02,3.770000000000000000e+02,1.000000000000000000e+00,2.520237121582031250e+02,4.953242492675781250e+02,0.000000000000000000e+00,-1.107587432861328125e+01,-4.415277099609375000e+01,0.000000000000000000e+00,3.440000000000000000e+02,3.770000000000000000e+02,1.000000000000000000e+00,-1.107587432861328125e+01,-4.415277099609375000e+01,0.000000000000000000e+00,-1.107587432861328125e+01,-4.415277099609375000e+01,0.000000000000000000e+00,2.750000000000000000e+02,8.800000000000000000e+01,1.000000000000000000e+00,3.030000000000000000e+02,8.500000000000000000e+01,1.000000000000000000e+00,2.610000000000000000e+02,1.060000000000000000e+02,1.000000000000000000e+00,3.210000000000000000e+02,9.500000000000000000e+01,1.000000000000000000e+00,-1.107587432861328125e+01,-4.415277099609375000e+01,0.000000000000000000e+00,-1.107587432861328125e+01,-4.415277099609375000e+01,0.000000000000000000e+00,-1.107587432861328125e+01,-4.415277099609375000e+01,0.000000000000000000e+00,-1.107587432861328125e+01,-4.415277099609375000e+01,0.000000000000000000e+00,-1.107587432861328125e+01,-4.415277099609375000e+01,0.000000000000000000e+00,-1.107587432861328125e+01,-4.415277099609375000e+01,0.000000000000000000e+00,7.213968999115116798e-01,2.044131469114683686e+00,2.148902667188273163e+00,2.653526094689453441e+00
2.910000000000000000e+02,9.700000000000000000e+01,1.000000000000000000e+00,3.000000000000000000e+02,1.800000000000000000e+02,1.000000000000000000e+00,2.390000000000000000e+02,1.820000000000000000e+02,1.000000000000000000e+00,1.970000000000000000e+02,2.840000000000000000e+02,1.000000000000000000e+00,1.990000000000000000e+02,2.700000000000000000e+02,1.000000000000000000e+00,3.610000000000000000e+02,1.720000000000000000e+02,1.000000000000000000e+00,4.600000000000000000e+02,2.090000000000000000e+02,1.000000000000000000e+00,5.360000000000000000e+02,1.520000000000000000e+02,1.000000000000000000e+00,2.990000000000000000e+02,3.740000000000000000e+02,1.000000000000000000e+00,2.520000000000000000e+02,3.760000000000000000e+02,1.000000000000000000e+00,2.521951293945312500e+02,4.953384399414062500e+02,0.000000000000000000e+00,-1.161722564697265625e+01,-4.438993835449218750e+01,0.000000000000000000e+00,3.440000000000000000e+02,3.770000000000000000e+02,1.000000000000000000e+00,-1.161722564697265625e+01,-4.438993835449218750e+01,0.000000000000000000e+00,-1.161722564697265625e+01,-4.438993835449218750e+01,0.000000000000000000e+00,2.750000000000000000e+02,8.700000000000000000e+01,1.000000000000000000e+00,3.030000000000000000e+02,8.500000000000000000e+01,1.000000000000000000e+00,2.610000000000000000e+02,1.060000000000000000e+02,1.000000000000000000e+00,3.210000000000000000e+02,9.500000000000000000e+01,1.000000000000000000e+00,-1.161722564697265625e+01,-4.438993835449218750e+01,0.000000000000000000e+00,-1.161722564697265625e+01,-4.438993835449218750e+01,0.000000000000000000e+00,-1.161722564697265625e+01,-4.438993835449218750e+01,0.000000000000000000e+00,-1.161722564697265625e+01,-4.438993835449218750e+01,0.000000000000000000e+00,-1.161722564697265625e+01,-4.438993835449218750e+01,0.000000000000000000e+00,-1.161722564697265625e+01,-4.438993835449218750e+01,0.000000000000000000e+00,2.487099890935228763e-01,1.994178514896659316e+00,2.140428293785302749e+00,2.653526094689453441e+00
2.910000000000000000e+02,9.700000000000000000e+01,1.000000000000000000e+00,3.000000000000000000e+02,1.800000000000000000e+02,1.000000000000000000e+00,2.390000000000000000e+02,1.810000000000000000e+02,1.000000000000000000e+00,2.010000000000000000e+02,2.900000000000000000e+02,1.000000000000000000e+00,1.990000000000000000e+02,2.690000000000000000e+02,1.000000000000000000e+00,3.610000000000000000e+02,1.720000000000000000e+02,1.000000000000000000e+00,4.600000000000000000e+02,2.090000000000000000e+02,1.000000000000000000e+00,5.360000000000000000e+02,1.510000000000000000e+02,1.000000000000000000e+00,3.000000000000000000e+02,3.740000000000000000e+02,1.000000000000000000e+00,2.540000000000000000e+02,3.760000000000000000e+02,1.000000000000000000e+00,2.521947326660156250e+02,4.953878784179687500e+02,0.000000000000000000e+00,-1.246484375000000000e+01,-4.484904479980468750e+01,0.000000000000000000e+00,3.450000000000000000e+02,3.770000000000000000e+02,1.000000000000000000e+00,-1.246484375000000000e+01,-4.484904479980468750e+01,0.000000000000000000e+00,-1.246484375000000000e+01,-4.484904479980468750e+01,0.000000000000000000e+00,2.750000000000000000e+02,8.700000000000000000e+01,1.000000000000000000e+00,3.030000000000000000e+02,8.500000000000000000e+01,1.000000000000000000e+00,2.610000000000000000e+02,1.060000000000000000e+02,1.000000000000000000e+00,3.210000000000000000e+02,9.500000000000000000e+01,1.000000000000000000e+00,-1.246484375000000000e+01,-4.484904479980468750e+01,0.000000000000000000e+00,-1.246484375000000000e+01,-4.484904479980468750e+01,0.000000000000000000e+00,-1.246484375000000000e+01,-4.484904479980468750e+01,0.000000000000000000e+00,-1.246484375000000000e+01,-4.484904479980468750e+01,0.000000000000000000e+00,-1.246484375000000000e+01,-4.484904479980468750e+01,0.000000000000000000e+00,-1.246484375000000000e+01,-4.484904479980468750e+01,0.000000000000000000e+00,4.304000341122641848e-01,1.922636628872409936e+00,2.132060288273009974e+00,2.653526094689453441e+00
2.920000000000000000e+02,9.700000000000000000e+01,1.000000000000000000e+00,2.990000000000000000e+02,1.800000000000000000e+02,1.000000000000000000e+00,2.390000000000000000e+02,1.810000000000000000e+02,1.000000000000000000e+00,2.020000000000000000e+02,2.890000000000000000e+02,1.000000000000000000e+00,1.980000000000000000e+02,2.670000000000000000e+02,1.000000000000000000e+00,3.610000000000000000e+02,1.720000000000000000e+02,1.000000000000000000e+00,4.600000000000000000e+02,2.090000000000000000e+02,1.000000000000000000e+00,5.340000000000000000e+02,1.530000000000000000e+02,1.000000000000000000e+00,2.990000000000000000e+02,3.740000000000000000e+02,1.000000000000000000e+00,2.550000000000000000e+02,3.760000000000000000e+02,1.000000000000000000e+00,2.522841491699218750e+02,4.952590942382812500e+02,0.000000000000000000e+00,-1.159062194824218750e+01,-4.396267700195312500e+01,0.000000000000000000e+00,3.450000000000000000e+02,3.770000000000000000e+02,1.000000000000000000e+00,-1.159062194824218750e+01,-4.396267700195312500e+01,0.000000000000000000e+00,-1.159062194824218750e+01,-4.396267700195312500e+01,0.000000000000000000e+00,2.760000000000000000e+02,8.700000000000000000e+01,1.000000000000000000e+00,3.040000000000000000e+02,8.500000000000000000e+01,1.000000000000000000e+00,2.610000000000000000e+02,1.060000000000000000e+02,1.000000000000000000e+00,3.220000000000000000e+02,9.500000000000000000e+01,1.000000000000000000e+00,-1.159062194824218750e+01,-4.396267700195312500e+01,0.000000000000000000e+00,-1.159062194824218750e+01,-4.396267700195312500e+01,0.000000000000000000e+00,-1.159062194824218750e+01,-4.396267700195312500e+01,0.000000000000000000e+00,-1.159062194824218750e+01,-4.396267700195312500e+01,0.000000000000000000e+00,-1.159062194824218750e+01,-4.396267700195312500e+01,0.000000000000000000e+00,-1.159062194824218750e+01,-4.396267700195312500e+01,0.000000000000000000e+00,5.099141122019126282e-01,1.917522062918271653e+00,2.136117975651488532e+00,2.655606174892791937e+00
2.920000000000000000e+02,9.800000000000000000e+01,1.000000000000000000e+00,2.960000000000000000e+02,1.800000000000000000e+02,1.000000000000000000e+00,2.390000000000000000e+02,1.810000000000000000e+02,1.000000000000000000e+00,2.030000000000000000e+02,2.890000000000000000e+02,1.000000000000000000e+00,2.360000000000000000e+02,2.180000000000000000e+02,1.000000000000000000e+00,3.610000000000000000e+02,1.720000000000000000e+02,1.000000000000000000e+00,4.600000000000000000e+02,2.090000000000000000e+02,1.000000000000000000e+00,5.340000000000000000e+02,1.530000000000000000e+02,1.000000000000000000e+00,2.990000000000000000e+02,3.740000000000000000e+02,1.000000000000000000e+00,2.590000000000000000e+02,3.760000000000000000e+02,1.000000000000000000e+00,2.521695861816406250e+02,4.953209838867187500e+02,0.000000000000000000e+00,-1.140591430664062500e+01,-4.385453796386718750e+01,0.000000000000000000e+00,3.450000000000000000e+02,3.770000000000000000e+02,1.000000000000000000e+00,-1.140591430664062500e+01,-4.385453796386718750e+01,0.000000000000000000e+00,-1.140591430664062500e+01,-4.385453796386718750e+01,0.000000000000000000e+00,2.760000000000000000e+02,8.700000000000000000e+01,1.000000000000000000e+00,3.050000000000000000e+02,8.500000000000000000e+01,1.000000000000000000e+00,2.620000000000000000e+02,1.060000000000000000e+02,1.000000000000000000e+00,3.230000000000000000e+02,9.500000000000000000e+01,1.000000000000000000e+00,-1.140591430664062500e+01,-4.385453796386718750e+01,0.000000000000000000e+00,-1.140591430664062500e+01,-4.385453796386718750e+01,0.000000000000000000e+00,-1.140591430664062500e+01,-4.385453796386718750e+01,0.000000000000000000e+00,-1.140591430664062500e+01,-4.385453796386718750e+01,0.000000000000000000e+00,-1.140591430664062500e+01,-4.385453796386718750e+01,0.000000000000000000e+00,-1.140591430664062500e+01,-4.385453796386718750e+01,0.000000000000000000e+00,1.133333967654032853e-01,1.910088941248941241e+00,2.136117975651488532e+00,2.661468345161245530e+00
2.930000000000000000e+02,9.800000000000000000e+01,1.000000000000000000e+00,2.960000000000000000e+02,1.800000000000000000e+02,1.000000000000000000e+00,2.380000000000000000e+02,1.810000000000000000e+02,1.000000000000000000e+00,2.050000000000000000e+02,2.910000000000000000e+02,1.000000000000000000e+00,2.420000000000000000e+02,2.180000000000000000e+02,1.000000000000000000e+00,3.610000000000000000e+02,1.720000000000000000e+02,1.000000000000000000e+00,4.600000000000000000e+02,2.090000000000000000e+02,1.000000000000000000e+00,5.340000000000000000e+02,1.540000000000000000e+02,1.000000000000000000e+00,2.990000000000000000e+02,3.740000000000000000e+02,1.000000000000000000e+00,2.580000000000000000e+02,3.770000000000000000e+02,1.000000000000000000e+00,2.521139068603515625e+02,4.964143981933593750e+02,0.000000000000000000e+00,-1.256251525878906250e+01,-4.664188385009765625e+01,0.000000000000000000e+00,3.450000000000000000e+02,3.770000000000000000e+02,1.000000000000000000e+00,-1.256251525878906250e+01,-4.664188385009765625e+01,0.000000000000000000e+00,-1.256251525878906250e+01,-4.664188385009765625e+01,0.000000000000000000e+00,2.770000000000000000e+02,8.700000000000000000e+01,1.000000000000000000e+00,3.060000000000000000e+02,8.600000000000000000e+01,1.000000000000000000e+00,2.630000000000000000e+02,1.060000000000000000e+02,1.000000000000000000e+00,3.240000000000000000e+02,9.500000000000000000e+01,1.000000000000000000e+00,-1.256251525878906250e+01,-4.664188385009765625e+01,0.000000000000000000e+00,-1.256251525878906250e+01,-4.664188385009765625e+01,0.000000000000000000e+00,-1.256251525878906250e+01,-4.664188385009765625e+01,0.000000000000000000e+00,-1.256251525878906250e+01,-4.664188385009765625e+01,0.000000000000000000e+00,-1.256251525878906250e+01,-4.664188385009765625e+01,0.000000000000000000e+00,-1.256251525878906250e+01,-4.664188385009765625e+01,0.000000000000000000e+00,1.776552410074266897e-01,1.879492792467293505e+00,2.144766661360925308e+00,2.661468345161245530e+00
2.940000000000000000e+02,9.800000000000000000e+01,1.000000000000000000e+00,2.990000000000000000e+02,1.800000000000000000e+02,1.000000000000000000e+00,2.380000000000000000e+02,1.820000000000000000e+02,1.000000000000000000e+00,2.050000000000000000e+02,2.930000000000000000e+02,1.000000000000000000e+00,2.480000000000000000e+02,2.240000000000000000e+02,1.000000000000000000e+00,3.610000000000000000e+02,1.720000000000000000e+02,1.000000000000000000e+00,4.600000000000000000e+02,2.100000000000000000e+02,1.000000000000000000e+00,5.360000000000000000e+02,1.530000000000000000e+02,1.000000000000000000e+00,2.990000000000000000e+02,3.740000000000000000e+02,1.000000000000000000e+00,2.570000000000000000e+02,3.770000000000000000e+02,1.000000000000000000e+00,2.518629913330078125e+02,4.972687377929687500e+02,0.000000000000000000e+00,-1.238619232177734375e+01,-4.836164855957031250e+01,0.000000000000000000e+00,3.450000000000000000e+02,3.770000000000000000e+02,1.000000000000000000e+00,-1.238619232177734375e+01,-4.836164855957031250e+01,0.000000000000000000e+00,-1.238619232177734375e+01,-4.836164855957031250e+01,0.000000000000000000e+00,2.780000000000000000e+02,8.700000000000000000e+01,1.000000000000000000e+00,3.070000000000000000e+02,8.600000000000000000e+01,1.000000000000000000e+00,2.640000000000000000e+02,1.060000000000000000e+02,1.000000000000000000e+00,3.250000000000000000e+02,9.500000000000000000e+01,1.000000000000000000e+00,-1.238619232177734375e+01,-4.836164855957031250e+01,0.000000000000000000e+00,-1.238619232177734375e+01,-4.836164855957031250e+01,0.000000000000000000e+00,-1.238619232177734375e+01,-4.836164855957031250e+01,0.000000000000000000e+00,-1.238619232177734375e+01,-4.836164855957031250e+01,0.000000000000000000e+00,-1.238619232177734375e+01,-4.836164855957031250e+01,0.000000000000000000e+00,-1.238619232177734375e+01,-4.836164855957031250e+01,0.000000000000000000e+00,2.683201251249390240e-01,1.892546881191538688e+00,2.131594758945250856e+00,2.646772640052740488e+00
2.940000000000000000e+02,9.800000000000000000e+01,1.000000000000000000e+00,2.990000000000000000e+02,1.800000000000000000e+02,1.000000000000000000e+00,2.410000000000000000e+02,1.830000000000000000e+02,1.000000000000000000e+00,2.040000000000000000e+02,2.910000000000000000e+02,1.000000000000000000e+00,2.550000000000000000e+02,2.390000000000000000e+02,1.000000000000000000e+00,3.610000000000000000e+02,1.720000000000000000e+02,1.000000000000000000e+00,4.600000000000000000e+02,2.110000000000000000e+02,1.000000000000000000e+00,5.360000000000000000e+02,1.540000000000000000e+02,1.000000000000000000e+00,2.990000000000000000e+02,3.740000000000000000e+02,1.000000000000000000e+00,2.560000000000000000e+02,3.770000000000000000e+02,1.000000000000000000e+00,2.516598968505859375e+02,4.953804626464843750e+02,0.000000000000000000e+00,-1.212799835205078125e+01,-4.836321258544921875e+01,0.000000000000000000e+00,3.450000000000000000e+02,3.770000000000000000e+02,1.000000000000000000e+00,-1.212799835205078125e+01,-4.836321258544921875e+01,0.000000000000000000e+00,-1.212799835205078125e+01,-4.836321258544921875e+01,0.000000000000000000e+00,2.790000000000000000e+02,8.700000000000000000e+01,1.000000000000000000e+00,3.080000000000000000e+02,8.600000000000000000e+01,1.000000000000000000e+00,2.650000000000000000e+02,1.060000000000000000e+02,1.000000000000000000e+00,3.260000000000000000e+02,9.500000000000000000e+01,1.000000000000000000e+00,-1.212799835205078125e+01,-4.836321258544921875e+01,0.000000000000000000e+00,-1.212799835205078125e+01,-4.836321258544921875e+01,0.000000000000000000e+00,-1.212799835205078125e+01,-4.836321258544921875e+01,0.000000000000000000e+00,-1.212799835205078125e+01,-4.836321258544921875e+01,0.000000000000000000e+00,-1.212799835205078125e+01,-4.836321258544921875e+01,0.000000000000000000e+00,-1.212799835205078125e+01,-4.836321258544921875e+01,0.000000000000000000e+00,4.456291181539052682e-01,1.952535023686760685e+00,2.122820721940551714e+00,2.637998603048040902e+00
2.950000000000000000e+02,9.900000000000000000e+01,1.000000000000000000e+00,2.990000000000000000e+02,1.800000000000000000e+02,1.000000000000000000e+00,2.440000000000000000e+02,1.830000000000000000e+02,1.000000000000000000e+00,1.990000000000000000e+02,2.820000000000000000e+02,1.000000000000000000e+00,2.620000000000000000e+02,2.550000000000000000e+02,1.000000000000000000e+00,3.610000000000000000e+02,1.720000000000000000e+02,1.000000000000000000e+00,4.600000000000000000e+02,2.120000000000000000e+02,1.000000000000000000e+00,5.360000000000000000e+02,1.550000000000000000e+02,1.000000000000000000e+00,2.990000000000000000e+02,3.740000000000000000e+02,1.000000000000000000e+00,2.560000000000000000e+02,3.770000000000000000e+02,1.000000000000000000e+00,2.517006530761718750e+02,4.966245727539062500e+02,0.000000000000000000e+00,-1.562871551513671875e+01,-5.160954284667968750e+01,0.000000000000000000e+00,3.440000000000000000e+02,3.770000000000000000e+02,1.000000000000000000e+00,-1.562871551513671875e+01,-5.160954284667968750e+01,0.000000000000000000e+00,-1.562871551513671875e+01,-5.160954284667968750e+01,0.000000000000000000e+00,2.800000000000000000e+02,8.700000000000000000e+01,1.000000000000000000e+00,3.070000000000000000e+02,8.700000000000000000e+01,1.000000000000000000e+00,2.660000000000000000e+02,1.060000000000000000e+02,1.000000000000000000e+00,3.270000000000000000e+02,9.500000000000000000e+01,1.000000000000000000e+00,-1.562871551513671875e+01,-5.160954284667968750e+01,0.000000000000000000e+00,-1.562871551513671875e+01,-5.160954284667968750e+01,0.000000000000000000e+00,-1.562871551513671875e+01,-5.160954284667968750e+01,0.000000000000000000e+00,-1.562871551513671875e+01,-5.160954284667968750e+01,0.000000000000000000e+00,-1.562871551513671875e+01,-5.160954284667968750e+01,0.000000000000000000e+00,-1.562871551513671875e+01,-5.160954284667968750e+01,0.000000000000000000e+00,7.392770473829373135e-01,2.051915276162503687e+00,2.114106920841489767e+00,2.629284801948979400e+00
2.950000000000000000e+02,9.900000000000000000e+01,1.000000000000000000e+00,2.990000000000000000e+02,1.800000000000000000e+02,1.000000000000000000e+00,2.440000000000000000e+02,1.830000000000000000e+02,1.000000000000000000e+00,1.990000000000000000e+02,2.720000000000000000e+02,1.000000000000000000e+00,2.600000000000000000e+02,2.800000000000000000e+02,1.000000000000000000e+00,3.610000000000000000e+02,1.720000000000000000e+02,1.000000000000000000e+00,4.600000000000000000e+02,2.130000000000000000e+02,1.000000000000000000e+00,5.270000000000000000e+02,1.670000000000000000e+02,1.000000000000000000e+00,2.970000000000000000e+02,3.740000000000000000e+02,1.000000000000000000e+00,2.530000000000000000e+02,3.770000000000000000e+02,1.000000000000000000e+00,2.518517761230468750e+02,4.968452758789062500e+02,0.000000000000000000e+00,-1.586390686035156250e+01,-5.116177368164062500e+01,0.000000000000000000e+00,3.440000000000000000e+02,3.770000000000000000e+02,1.000000000000000000e+00,-1.586390686035156250e+01,-5.116177368164062500e+01,0.000000000000000000e+00,-1.586390686035156250e+01,-5.116177368164062500e+01,0.000000000000000000e+00,2.800000000000000000e+02,8.700000000000000000e+01,1.000000000000000000e+00,3.070000000000000000e+02,8.700000000000000000e+01,1.000000000000000000e+00,2.660000000000000000e+02,1.060000000000000000e+02,1.000000000000000000e+00,3.270000000000000000e+02,9.500000000000000000e+01,1.000000000000000000e+00,-1.586390686035156250e+01,-5.116177368164062500e+01,0.000000000000000000e+00,-1.586390686035156250e+01,-5.116177368164062500e+01,0.000000000000000000e+00,-1.586390686035156250e+01,-5.116177368164062500e+01,0.000000000000000000e+00,-1.586390686035156250e+01,-5.116177368164062500e+01,0.000000000000000000e+00,-1.586390686035156250e+01,-5.116177368164062500e+01,0.000000000000000000e+00,-1.586390686035156250e+01,-5.116177368164062500e+01,0.000000000000000000e+00,1.233067750808408025e+00,2.093419666911249699e+00,2.147301523171341042e+00,2.620631928143871914e+00
2.950000000000000000e+02,1.000000000000000000e+02,1.000000000000000000e+00,3.020000000000000000e+02,1.810000000000000000e+02,1.000000000000000000e+00,2.440000000000000000e+02,1.830000000000000000e+02,1.000000000000000000e+00,2.000000000000000000e+02,2.730000000000000000e+02,1.000000000000000000e+00,2.660000000000000000e+02,2.940000000000000000e+02,1.000000000000000000e+00,3.610000000000000000e+02,1.720000000000000000e+02,1.000000000000000000e+00,4.600000000000000000e+02,2.130000000000000000e+02,1.000000000000000000e+00,5.280000000000000000e+02,1.680000000000000000e+02,1.000000000000000000e+00,2.980000000000000000e+02,3.760000000000000000e+02,1.000000000000000000e+00,2.500000000000000000e+02,3.760000000000000000e+02,1.000000000000000000e+00,2.515030212402343750e+02,4.961865539550781250e+02,0.000000000000000000e+00,-1.619015502929687500e+01,-4.849162292480468750e+01,0.000000000000000000e+00,3.460000000000000000e+02,3.770000000000000000e+02,1.000000000000000000e+00,-1.619015502929687500e+01,-4.849162292480468750e+01,0.000000000000000000e+00,-1.619015502929687500e+01,-4.849162292480468750e+01,0.000000000000000000e+00,2.800000000000000000e+02,8.800000000000000000e+01,1.000000000000000000e+00,3.070000000000000000e+02,8.800000000000000000e+01,1.000000000000000000e+00,2.660000000000000000e+02,1.060000000000000000e+02,1.000000000000000000e+00,3.270000000000000000e+02,9.500000000000000000e+01,1.000000000000000000e+00,-1.619015502929687500e+01,-4.849162292480468750e+01,0.000000000000000000e+00,-1.619015502929687500e+01,-4.849162292480468750e+01,0.000000000000000000e+00,-1.619015502929687500e+01,-4.849162292480468750e+01,0.000000000000000000e+00,-1.619015502929687500e+01,-4.849162292480468750e+01,0.000000000000000000e+00,-1.619015502929687500e+01,-4.849162292480468750e+01,0.000000000000000000e+00,-1.619015502929687500e+01,-4.849162292480468750e+01,0.000000000000000000e+00,1.424129832997703682e+00,2.059984702615373919e+00,2.164353899709340112e+00,2.597579712095640314e+00
2.950000000000000000e+02,1.000000000000000000e+02,1.000000000000000000e+00,3.020000000000000000e+02,1.810000000000000000e+02,1.000000000000000000e+00,2.450000000000000000e+02,1.830000000000000000e+02,1.000000000000000000e+00,2.010000000000000000e+02,2.700000000000000000e+02,1.000000000000000000e+00,2.170000000000000000e+02,2.820000000000000000e+02,1.000000000000000000e+00,3.610000000000000000e+02,1.720000000000000000e+02,1.000000000000000000e+00,4.600000000000000000e+02,2.130000000000000000e+02,1.000000000000000000e+00,5.260000000000000000e+02,1.700000000000000000e+02,1.000000000000000000e+00,2.980000000000000000e+02,3.810000000000000000e+02,1.000000000000000000e+00,2.540000000000000000e+02,3.780000000000000000e+02,1.000000000000000000e+00,2.513825225830078125e+02,4.970995788574218750e+02,0.000000000000000000e+00,-1.579622650146484375e+01,-4.880247497558593750e+01,0.000000000000000000e+00,3.420000000000000000e+02,3.770000000000000000e+02,1.000000000000000000e+00,-1.579622650146484375e+01,-4.880247497558593750e+01,0.000000000000000000e+00,-1.579622650146484375e+01,-4.880247497558593750e+01,0.000000000000000000e+00,2.800000000000000000e+02,8.800000000000000000e+01,1.000000000000000000e+00,3.070000000000000000e+02,8.800000000000000000e+01,1.000000000000000000e+00,2.660000000000000000e+02,1.060000000000000000e+02,1.000000000000000000e+00,3.270000000000000000e+02,9.500000000000000000e+01,1.000000000000000000e+00,-1.579622650146484375e+01,-4.880247497558593750e+01,0.000000000000000000e+00,-1.579622650146484375e+01,-4.880247497558593750e+01,0.000000000000000000e+00,-1.579622650146484375e+01,-4.880247497558593750e+01,0.000000000000000000e+00,-1.579622650146484375e+01,-4.880247497558593750e+01,0.000000000000000000e+00,-1.579622650146484375e+01,-4.880247497558593750e+01,0.000000000000000000e+00,-1.579622650146484375e+01,-4.880247497558593750e+01,0.000000000000000000e+00,1.746062702797977595e+00,2.074104390118325369e+00,2.171515539685152429e+00,2.597579712095640314e+00
2.950000000000000000e+02,1.000000000000000000e+02,1.000000000000000000e+00,3.020000000000000000e+02,1.810000000000000000e+02,1.000000000000000000e+00,2.460000000000000000e+02,1.830000000000000000e+02,1.000000000000000000e+00,2.020000000000000000e+02,2.720000000000000000e+02,1.000000000000000000e+00,2.560000000000000000e+02,3.060000000000000000e+02,1.000000000000000000e+00,3.610000000000000000e+02,1.720000000000000000e+02,1.000000000000000000e+00,4.600000000000000000e+02,2.130000000000000000e+02,1.000000000000000000e+00,5.270000000000000000e+02,1.710000000000000000e+02,1.000000000000000000e+00,2.980000000000000000e+02,3.680000000000000000e+02,1.000000000000000000e+00,2.600000000000000000e+02,3.730000000000000000e+02,1.000000000000000000e+00,2.511856842041015625e+02,4.960349426269531250e+02,0.000000000000000000e+00,-1.467904663085937500e+01,-4.625265502929687500e+01,0.000000000000000000e+00,3.430000000000000000e+02,3.740000000000000000e+02,1.000000000000000000e+00,-1.467904663085937500e+01,-4.625265502929687500e+01,0.000000000000000000e+00,-1.467904663085937500e+01,-4.625265502929687500e+01,0.000000000000000000e+00,2.800000000000000000e+02,8.800000000000000000e+01,1.000000000000000000e+00,3.070000000000000000e+02,8.800000000000000000e+01,1.000000000000000000e+00,2.660000000000000000e+02,1.060000000000000000e+02,1.000000000000000000e+00,3.270000000000000000e+02,9.500000000000000000e+01,1.000000000000000000e+00,-1.467904663085937500e+01,-4.625265502929687500e+01,0.000000000000000000e+00,-1.467904663085937500e+01,-4.625265502929687500e+01,0.000000000000000000e+00,-1.467904663085937500e+01,-4.625265502929687500e+01,0.000000000000000000e+00,-1.467904663085937500e+01,-4.625265502929687500e+01,0.000000000000000000e+00,-1.467904663085937500e+01,-4.625265502929687500e+01,0.000000000000000000e+00,-1.467904663085937500e+01,-4.625265502929687500e+01,0.000000000000000000e+00,1.673574754089473648e+00,2.065638574436458708e+00,2.189015358715278303e+00,2.597579712095640314e+00
2.950000000000000000e+02,1.000000000000000000e+02,1.000000000000000000e+00,3.020000000000000000e+02,1.810000000000000000e+02,1.000000000000000000e+00,2.460000000000000000e+02,1.830000000000000000e+02,1.000000000000000000e+00,2.000000000000000000e+02,2.710000000000000000e+02,1.000000000000000000e+00,2.520000000000000000e+02,2.990000000000000000e+02,1.000000000000000000e+00,3.610000000000000000e+02,1.720000000000000000e+02,1.000000000000000000e+00,4.600000000000000000e+02,2.130000000000000000e+02,1.000000000000000000e+00,5.390000000000000000e+02,1.590000000000000000e+02,1.000000000000000000e+00,2.980000000000000000e+02,3.780000000000000000e+02,1.000000000000000000e+00,2.560000000000000000e+02,3.780000000000000000e+02,1.000000000000000000e+00,2.511769866943359375e+02,4.965795593261718750e+02,0.000000000000000000e+00,-1.435585784912109375e+01,-4.768637847900390625e+01,0.000000000000000000e+00,3.430000000000000000e+02,3.740000000000000000e+02,1.000000000000000000e+00,-1.435585784912109375e+01,-4.768637847900390625e+01,0.000000000000000000e+00,-1.435585784912109375e+01,-4.768637847900390625e+01,0.000000000000000000e+00,2.800000000000000000e+02,8.800000000000000000e+01,1.000000000000000000e+00,3.070000000000000000e+02,8.800000000000000000e+01,1.000000000000000000e+00,2.660000000000000000e+02,1.060000000000000000e+02,1.000000000000000000e+00,3.270000000000000000e+02,9.500000000000000000e+01,1.000000000000000000e+00,-1.435585784912109375e+01,-4.768637847900390625e+01,0.000000000000000000e+00,-1.435585784912109375e+01,-4.768637847900390625e+01,0.000000000000000000e+00,-1.435585784912109375e+01,-4.768637847900390625e+01,0.000000000000000000e+00,-1.435585784912109375e+01,-4.768637847900390625e+01,0.000000000000000000e+00,-1.435585784912109375e+01,-4.768637847900390625e+01,0.000000000000000000e+00,-1.435585784912109375e+01,-4.768637847900390625e+01,0.000000000000000000e+00,1.583074018159616347e+00,2.088159117029082079e+00,2.149358868860648641e+00,2.597579712095640314e+00
2.960000000000000000e+02,9.900000000000000000e+01,1.000000000000000000e+00,3.020000000000000000e+02,1.810000000000000000e+02,1.000000000000000000e+00,2.460000000000000000e+02,1.830000000000000000e+02,1.000000000000000000e+00,1.990000000000000000e+02,2.670000000000000000e+02,1.000000000000000000e+00,2.640000000000000000e+02,2.880000000000000000e+02,1.000000000000000000e+00,3.610000000000000000e+02,1.720000000000000000e+02,1.000000000000000000e+00,4.610000000000000000e+02,2.130000000000000000e+02,1.000000000000000000e+00,5.390000000000000000e+02,1.620000000000000000e+02,1.000000000000000000e+00,2.980000000000000000e+02,3.780000000000000000e+02,1.000000000000000000e+00,2.520000000000000000e+02,3.780000000000000000e+02,1.000000000000000000e+00,2.517637786865234375e+02,4.975868835449218750e+02,0.000000000000000000e+00,-1.472254180908203125e+01,-4.722261810302734375e+01,0.000000000000000000e+00,3.450000000000000000e+02,3.740000000000000000e+02,1.000000000000000000e+00,-1.472254180908203125e+01,-4.722261810302734375e+01,0.000000000000000000e+00,-1.472254180908203125e+01,-4.722261810302734375e+01,0.000000000000000000e+00,2.810000000000000000e+02,8.700000000000000000e+01,1.000000000000000000e+00,3.080000000000000000e+02,8.700000000000000000e+01,1.000000000000000000e+00,2.660000000000000000e+02,1.050000000000000000e+02,1.000000000000000000e+00,3.270000000000000000e+02,9.400000000000000000e+01,1.000000000000000000e+00,-1.472254180908203125e+01,-4.722261810302734375e+01,0.000000000000000000e+00,-1.472254180908203125e+01,-4.722261810302734375e+01,0.000000000000000000e+00,-1.472254180908203125e+01,-4.722261810302734375e+01,0.000000000000000000e+00,-1.472254180908203125e+01,-4.722261810302734375e+01,0.000000000000000000e+00,-1.472254180908203125e+01,-4.722261810302734375e+01,0.000000000000000000e+00,-1.472254180908203125e+01,-4.722261810302734375e+01,0.000000000000000000e+00,1.373162146177606679e+00,2.116621179826029486e+00,2.173421153166783970e+00,2.601119978800488841e+00
2.960000000000000000e+02,9.900000000000000000e+01,1.000000000000000000e+00,3.020000000000000000e+02,1.810000000000000000e+02,1.000000000000000000e+00,2.450000000000000000e+02,1.820000000000000000e+02,1.000000000000000000e+00,1.980000000000000000e+02,2.680000000000000000e+02,1.000000000000000000e+00,2.650000000000000000e+02,2.730000000000000000e+02,1.000000000000000000e+00,3.610000000000000000e+02,1.720000000000000000e+02,1.000000000000000000e+00,4.610000000000000000e+02,2.130000000000000000e+02,1.000000000000000000e+00,5.390000000000000000e+02,1.620000000000000000e+02,1.000000000000000000e+00,3.020000000000000000e+02,3.770000000000000000e+02,1.000000000000000000e+00,2.500000000000000000e+02,3.780000000000000000e+02,1.000000000000000000e+00,2.521595306396484375e+02,4.967442321777343750e+02,0.000000000000000000e+00,-1.509711456298828125e+01,-4.845285797119140625e+01,0.000000000000000000e+00,3.450000000000000000e+02,3.740000000000000000e+02,1.000000000000000000e+00,-1.509711456298828125e+01,-4.845285797119140625e+01,0.000000000000000000e+00,-1.509711456298828125e+01,-4.845285797119140625e+01,0.000000000000000000e+00,2.810000000000000000e+02,8.700000000000000000e+01,1.000000000000000000e+00,3.080000000000000000e+02,8.700000000000000000e+01,1.000000000000000000e+00,2.660000000000000000e+02,1.040000000000000000e+02,1.000000000000000000e+00,3.270000000000000000e+02,9.400000000000000000e+01,1.000000000000000000e+00,-1.509711456298828125e+01,-4.845285797119140625e+01,0.000000000000000000e+00,-1.509711456298828125e+01,-4.845285797119140625e+01,0.000000000000000000e+00,-1.509711456298828125e+01,-4.845285797119140625e+01,0.000000000000000000e+00,-1.509711456298828125e+01,-4.845285797119140625e+01,0.000000000000000000e+00,-1.509711456298828125e+01,-4.845285797119140625e+01,0.000000000000000000e+00,-1.509711456298828125e+01,-4.845285797119140625e+01,0.000000000000000000e+00,1.145124063261095726e+00,2.088499440599981494e+00,2.173421153166783970e+00,2.601119978800488841e+00
2.960000000000000000e+02,9.900000000000000000e+01,1.000000000000000000e+00,3.020000000000000000e+02,1.810000000000000000e+02,1.000000000000000000e+00,2.450000000000000000e+02,1.810000000000000000e+02,1.000000000000000000e+00,1.970000000000000000e+02,2.740000000000000000e+02,1.000000000000000000e+00,2.610000000000000000e+02,2.550000000000000000e+02,1.000000000000000000e+00,3.610000000000000000e+02,1.720000000000000000e+02,1.000000000000000000e+00,4.610000000000000000e+02,2.130000000000000000e+02,1.000000000000000000e+00,5.390000000000000000e+02,1.620000000000000000e+02,1.000000000000000000e+00,3.010000000000000000e+02,3.770000000000000000e+02,1.000000000000000000e+00,2.500000000000000000e+02,3.780000000000000000e+02,1.000000000000000000e+00,2.521798706054687500e+02,4.979472045898437500e+02,0.000000000000000000e+00,-1.493022155761718750e+01,-4.931572723388671875e+01,0.000000000000000000e+00,3.440000000000000000e+02,3.740000000000000000e+02,1.000000000000000000e+00,-1.493022155761718750e+01,-4.931572723388671875e+01,0.000000000000000000e+00,-1.493022155761718750e+01,-4.931572723388671875e+01,0.000000000000000000e+00,2.810000000000000000e+02,8.700000000000000000e+01,1.000000000000000000e+00,3.080000000000000000e+02,8.700000000000000000e+01,1.000000000000000000e+00,2.660000000000000000e+02,1.040000000000000000e+02,1.000000000000000000e+00,3.270000000000000000e+02,9.400000000000000000e+01,1.000000000000000000e+00,-1.493022155761718750e+01,-4.931572723388671875e+01,0.000000000000000000e+00,-1.493022155761718750e+01,-4.931572723388671875e+01,0.000000000000000000e+00,-1.493022155761718750e+01,-4.931572723388671875e+01,0.000000000000000000e+00,-1.493022155761718750e+01,-4.931572723388671875e+01,0.000000000000000000e+00,-1.493022155761718750e+01,-4.931572723388671875e+01,0.000000000000000000e+00,-1.493022155761718750e+01,-4.931572723388671875e+01,0.000000000000000000e+00,8.057415454271125155e-01,2.047263746268603413e+00,2.173421153166783970e+00,2.601119978800488841e+00
2.960000000000000000e+02,9.900000000000000000e+01,1.000000000000000000e+00,3.020000000000000000e+02,1.810000000000000000e+02,1.000000000000000000e+00,2.450000000000000000e+02,1.810000000000000000e+02,1.000000000000000000e+00,1.960000000000000000e+02,2.740000000000000000e+02,1.000000000000000000e+00,2.580000000000000000e+02,2.390000000000000000e+02,1.000000000000000000e+00,3.610000000000000000e+02,1.720000000000000000e+02,1.000000000000000000e+00,4.610000000000000000e+02,2.130000000000000000e+02,1.000000000000000000e+00,5.390000000000000000e+02,1.620000000000000000e+02,1.000000000000000000e+00,3.000000000000000000e+02,3.750000000000000000e+02,1.000000000000000000e+00,2.530000000000000000e+02,3.750000000000000000e+02,1.000000000000000000e+00,2.526570892333984375e+02,4.992191467285156250e+02,0.000000000000000000e+00,-1.440876770019531250e+01,-4.695028686523437500e+01,0.000000000000000000e+00,3.450000000000000000e+02,3.740000000000000000e+02,1.000000000000000000e+00,-1.440876770019531250e+01,-4.695028686523437500e+01,0.000000000000000000e+00,-1.440876770019531250e+01,-4.695028686523437500e+01,0.000000000000000000e+00,2.810000000000000000e+02,8.700000000000000000e+01,1.000000000000000000e+00,3.080000000000000000e+02,8.700000000000000000e+01,1.000000000000000000e+00,2.660000000000000000e+02,1.040000000000000000e+02,1.000000000000000000e+00,3.270000000000000000e+02,9.400000000000000000e+01,1.000000000000000000e+00,-1.440876770019531250e+01,-4.695028686523437500e+01,0.000000000000000000e+00,-1.440876770019531250e+01,-4.695028686523437500e+01,0.000000000000000000e+00,-1.440876770019531250e+01,-4.695028686523437500e+01,0.000000000000000000e+00,-1.440876770019531250e+01,-4.695028686523437500e+01,0.000000000000000000e+00,-1.440876770019531250e+01,-4.695028686523437500e+01,0.000000000000000000e+00,-1.440876770019531250e+01,-4.695028686523437500e+01,0.000000000000000000e+00,5.719556507714953497e-01,2.055717321819763743e+00,2.173421153166783970e+00,2.601119978800488841e+00
2.960000000000000000e+02,1.000000000000000000e+02,1.000000000000000000e+00,3.020000000000000000e+02,1.810000000000000000e+02,1.000000000000000000e+00,2.450000000000000000e+02,1.810000000000000000e+02,1.000000000000000000e+00,1.970000000000000000e+02,2.760000000000000000e+02,1.000000000000000000e+00,2.530000000000000000e+02,2.260000000000000000e+02,1.000000000000000000e+00,3.610000000000000000e+02,1.720000000000000000e+02,1.000000000000000000e+00,4.610000000000000000e+02,2.130000000000000000e+02,1.000000000000000000e+00,5.390000000000000000e+02,1.620000000000000000e+02,1.000000000000000000e+00,3.010000000000000000e+02,3.750000000000000000e+02,1.000000000000000000e+00,2.540000000000000000e+02,3.750000000000000000e+02,1.000000000000000000e+00,2.529099273681640625e+02,4.987705078125000000e+02,0.000000000000000000e+00,-1.549045562744140625e+01,-4.700889587402343750e+01,0.000000000000000000e+00,3.440000000000000000e+02,3.740000000000000000e+02,1.000000000000000000e+00,-1.549045562744140625e+01,-4.700889587402343750e+01,0.000000000000000000e+00,-1.549045562744140625e+01,-4.700889587402343750e+01,0.000000000000000000e+00,2.810000000000000000e+02,8.800000000000000000e+01,1.000000000000000000e+00,3.080000000000000000e+02,8.800000000000000000e+01,1.000000000000000000e+00,2.660000000000000000e+02,1.040000000000000000e+02,1.000000000000000000e+00,3.270000000000000000e+02,9.500000000000000000e+01,1.000000000000000000e+00,-1.549045562744140625e+01,-4.700889587402343750e+01,0.000000000000000000e+00,-1.549045562744140625e+01,-4.700889587402343750e+01,0.000000000000000000e+00,-1.549045562744140625e+01,-4.700889587402343750e+01,0.000000000000000000e+00,-1.549045562744140625e+01,-4.700889587402343750e+01,0.000000000000000000e+00,-1.549045562744140625e+01,-4.700889587402343750e+01,0.000000000000000000e+00,-1.549045562744140625e+01,-4.700889587402343750e+01,0.000000000000000000e+00,3.740923353945876384e-01,2.038645591742574759e+00,2.173421153166783970e+00,2.601119978800488841e+00
2.960000000000000000e+02,1.010000000000000000e+02,1.000000000000000000e+00,3.020000000000000000e+02,1.810000000000000000e+02,1.000000000000000000e+00,2.450000000000000000e+02,1.810000000000000000e+02,1.000000000000000000e+00,1.990000000000000000e+02,2.800000000000000000e+02,1.000000000000000000e+00,2.010000000000000000e+02,2.680000000000000000e+02,1.000000000000000000e+00,3.610000000000000000e+02,1.720000000000000000e+02,1.000000000000000000e+00,4.610000000000000000e+02,2.130000000000000000e+02,1.000000000000000000e+00,5.380000000000000000e+02,1.650000000000000000e+02,1.000000000000000000e+00,3.010000000000000000e+02,3.750000000000000000e+02,1.000000000000000000e+00,2.570000000000000000e+02,3.750000000000000000e+02,1.000000000000000000e+00,2.531228942871093750e+02,4.991461181640625000e+02,0.000000000000000000e+00,-1.629313659667968750e+01,-4.785735321044921875e+01,0.000000000000000000e+00,3.440000000000000000e+02,3.740000000000000000e+02,1.000000000000000000e+00,-1.629313659667968750e+01,-4.785735321044921875e+01,0.000000000000000000e+00,-1.629313659667968750e+01,-4.785735321044921875e+01,0.000000000000000000e+00,2.820000000000000000e+02,8.900000000000000000e+01,1.000000000000000000e+00,3.080000000000000000e+02,8.900000000000000000e+01,1.000000000000000000e+00,2.660000000000000000e+02,1.040000000000000000e+02,1.000000000000000000e+00,3.270000000000000000e+02,9.500000000000000000e+01,1.000000000000000000e+00,-1.629313659667968750e+01,-4.785735321044921875e+01,0.000000000000000000e+00,-1.629313659667968750e+01,-4.785735321044921875e+01,0.000000000000000000e+00,-1.629313659667968750e+01,-4.785735321044921875e+01,0.000000000000000000e+00,-1.629313659667968750e+01,-4.785735321044921875e+01,0.000000000000000000e+00,-1.629313659667968750e+01,-4.785735321044921875e+01,0.000000000000000000e+00,-1.629313659667968750e+01,-4.785735321044921875e+01,0.000000000000000000e+00,2.698182736309526764e-01,2.005763277840476366e+00,2.195064330958574672e+00,2.601119978800488841e+00
2.960000000000000000e+02,1.020000000000000000e+02,1.000000000000000000e+00,3.000000000000000000e+02,1.810000000000000000e+02,1.000000000000000000e+00,2.450000000000000000e+02,1.810000000000000000e+02,1.000000000000000000e+00,2.000000000000000000e+02,2.800000000000000000e+02,1.000000000000000000e+00,2.480000000000000000e+02,2.280000000000000000e+02,1.000000000000000000e+00,3.610000000000000000e+02,1.720000000000000000e+02,1.000000000000000000e+00,4.610000000000000000e+02,2.130000000000000000e+02,1.000000000000000000e+00,5.380000000000000000e+02,1.650000000000000000e+02,1.000000000000000000e+00,3.010000000000000000e+02,3.750000000000000000e+02,1.000000000000000000e+00,2.580000000000000000e+02,3.750000000000000000e+02,1.000000000000000000e+00,2.529682006835937500e+02,4.988890380859375000e+02,0.000000000000000000e+00,-1.502151489257812500e+01,-4.707292175292968750e+01,0.000000000000000000e+00,3.440000000000000000e+02,3.740000000000000000e+02,1.000000000000000000e+00,-1.502151489257812500e+01,-4.707292175292968750e+01,0.000000000000000000e+00,-1.502151489257812500e+01,-4.707292175292968750e+01,0.000000000000000000e+00,2.820000000000000000e+02,9.000000000000000000e+01,1.000000000000000000e+00,3.100000000000000000e+02,8.900000000000000000e+01,1.000000000000000000e+00,2.660000000000000000e+02,1.040000000000000000e+02,1.000000000000000000e+00,3.270000000000000000e+02,9.500000000000000000e+01,1.000000000000000000e+00,-1.502151489257812500e+01,-4.707292175292968750e+01,0.000000000000000000e+00,-1.502151489257812500e+01,-4.707292175292968750e+01,0.000000000000000000e+00,-1.502151489257812500e+01,-4.707292175292968750e+01,0.000000000000000000e+00,-1.502151489257812500e+01,-4.707292175292968750e+01,0.000000000000000000e+00,-1.502151489257812500e+01,-4.707292175292968750e+01,0.000000000000000000e+00,-1.502151489257812500e+01,-4.707292175292968750e+01,0.000000000000000000e+00,3.187919831472819099e-01,1.997423819921772647e+00,2.195064330958574672e+00,2.606011244140953753e+00
2.960000000000000000e+02,1.030000000000000000e+02,1.000000000000000000e+00,3.010000000000000000e+02,1.810000000000000000e+02,1.000000000000000000e+00,2.450000000000000000e+02,1.810000000000000000e+02,1.000000000000000000e+00,2.020000000000000000e+02,2.820000000000000000e+02,1.000000000000000000e+00,2.480000000000000000e+02,2.290000000000000000e+02,1.000000000000000000e+00,3.610000000000000000e+02,1.720000000000000000e+02,1.000000000000000000e+00,4.610000000000000000e+02,2.130000000000000000e+02,1.000000000000000000e+00,5.380000000000000000e+02,1.650000000000000000e+02,1.000000000000000000e+00,3.010000000000000000e+02,3.750000000000000000e+02,1.000000000000000000e+00,2.580000000000000000e+02,3.750000000000000000e+02,1.000000000000000000e+00,2.527571868896484375e+02,4.990301513671875000e+02,0.000000000000000000e+00,-1.512707519531250000e+01,-4.747526550292968750e+01,0.000000000000000000e+00,3.440000000000000000e+02,3.740000000000000000e+02,1.000000000000000000e+00,-1.512707519531250000e+01,-4.747526550292968750e+01,0.000000000000000000e+00,-1.512707519531250000e+01,-4.747526550292968750e+01,0.000000000000000000e+00,2.820000000000000000e+02,9.100000000000000000e+01,1.000000000000000000e+00,3.100000000000000000e+02,8.900000000000000000e+01,1.000000000000000000e+00,2.660000000000000000e+02,1.040000000000000000e+02,1.000000000000000000e+00,3.270000000000000000e+02,9.500000000000000000e+01,1.000000000000000000e+00,-1.512707519531250000e+01,-4.747526550292968750e+01,0.000000000000000000e+00,-1.512707519531250000e+01,-4.747526550292968750e+01,0.000000000000000000e+00,-1.512707519531250000e+01,-4.747526550292968750e+01,0.000000000000000000e+00,-1.512707519531250000e+01,-4.747526550292968750e+01,0.000000000000000000e+00,-1.512707519531250000e+01,-4.747526550292968750e+01,0.000000000000000000e+00,-1.512707519531250000e+01,-4.747526550292968750e+01,0.000000000000000000e+00,3.123091272270697161e-01,1.973295773146401588e+00,2.195064330958574672e+00,2.603605474925017926e+00
2.960000000000000000e+02,1.030000000000000000e+02,1.000000000000000000e+00,3.030000000000000000e+02,1.810000000000000000e+02,1.000000000000000000e+00,2.450000000000000000e+02,1.810000000000000000e+02,1.000000000000000000e+00,2.040000000000000000e+02,2.860000000000000000e+02,1.000000000000000000e+00,2.500000000000000000e+02,2.330000000000000000e+02,1.000000000000000000e+00,3.610000000000000000e+02,1.720000000000000000e+02,1.000000000000000000e+00,4.610000000000000000e+02,2.130000000000000000e+02,1.000000000000000000e+00,5.380000000000000000e+02,1.650000000000000000e+02,1.000000000000000000e+00,3.010000000000000000e+02,3.750000000000000000e+02,1.000000000000000000e+00,2.590000000000000000e+02,3.750000000000000000e+02,1.000000000000000000e+00,2.527650909423828125e+02,4.987252197265625000e+02,0.000000000000000000e+00,-1.529618835449218750e+01,-4.792587280273437500e+01,0.000000000000000000e+00,3.440000000000000000e+02,3.740000000000000000e+02,1.000000000000000000e+00,-1.529618835449218750e+01,-4.792587280273437500e+01,0.000000000000000000e+00,-1.529618835449218750e+01,-4.792587280273437500e+01,0.000000000000000000e+00,2.820000000000000000e+02,9.100000000000000000e+01,1.000000000000000000e+00,3.100000000000000000e+02,8.900000000000000000e+01,1.000000000000000000e+00,2.660000000000000000e+02,1.040000000000000000e+02,1.000000000000000000e+00,3.270000000000000000e+02,9.500000000000000000e+01,1.000000000000000000e+00,-1.529618835449218750e+01,-4.792587280273437500e+01,0.000000000000000000e+00,-1.529618835449218750e+01,-4.792587280273437500e+01,0.000000000000000000e+00,-1.529618835449218750e+01,-4.792587280273437500e+01,0.000000000000000000e+00,-1.529618835449218750e+01,-4.792587280273437500e+01,0.000000000000000000e+00,-1.529618835449218750e+01,-4.792587280273437500e+01,0.000000000000000000e+00,-1.529618835449218750e+01,-4.792587280273437500e+01,0.000000000000000000e+00,3.425392424595277707e-01,1.943065657913943589e+00,2.195064330958574672e+00,2.598550758076164868e+00
2.960000000000000000e+02,1.030000000000000000e+02,1.000000000000000000e+00,3.030000000000000000e+02,1.810000000000000000e+02,1.000000000000000000e+00,2.450000000000000000e+02,1.810000000000000000e+02,1.000000000000000000e+00,2.060000000000000000e+02,2.870000000000000000e+02,1.000000000000000000e+00,2.620000000000000000e+02,2.340000000000000000e+02,1.000000000000000000e+00,3.610000000000000000e+02,1.720000000000000000e+02,1.000000000000000000e+00,4.610000000000000000e+02,2.130000000000000000e+02,1.000000000000000000e+00,5.380000000000000000e+02,1.650000000000000000e+02,1.000000000000000000e+00,3.010000000000000000e+02,3.750000000000000000e+02,1.000000000000000000e+00,2.580000000000000000e+02,3.750000000000000000e+02,1.000000000000000000e+00,2.526803894042968750e+02,4.986255187988281250e+02,0.000000000000000000e+00,-1.635089111328125000e+01,-4.796412658691406250e+01,0.000000000000000000e+00,3.440000000000000000e+02,3.740000000000000000e+02,1.000000000000000000e+00,-1.635089111328125000e+01,-4.796412658691406250e+01,0.000000000000000000e+00,-1.635089111328125000e+01,-4.796412658691406250e+01,0.000000000000000000e+00,2.820000000000000000e+02,9.100000000000000000e+01,1.000000000000000000e+00,3.100000000000000000e+02,8.900000000000000000e+01,1.000000000000000000e+00,2.660000000000000000e+02,1.040000000000000000e+02,1.000000000000000000e+00,3.270000000000000000e+02,9.500000000000000000e+01,1.000000000000000000e+00,-1.635089111328125000e+01,-4.796412658691406250e+01,0.000000000000000000e+00,-1.635089111328125000e+01,-4.796412658691406250e+01,0.000000000000000000e+00,-1.635089111328125000e+01,-4.796412658691406250e+01,0.000000000000000000e+00,-1.635089111328125000e+01,-4.796412658691406250e+01,0.000000000000000000e+00,-1.635089111328125000e+01,-4.796412658691406250e+01,0.000000000000000000e+00,-1.635089111328125000e+01,-4.796412658691406250e+01,0.000000000000000000e+00,4.603610188727255692e-01,1.923349460605073613e+00,2.195064330958574672e+00,2.598550758076164868e+00
2.960000000000000000e+02,1.030000000000000000e+02,1.000000000000000000e+00,3.040000000000000000e+02,1.810000000000000000e+02,1.000000000000000000e+00,2.450000000000000000e+02,1.810000000000000000e+02,1.000000000000000000e+00,2.070000000000000000e+02,2.890000000000000000e+02,1.000000000000000000e+00,2.670000000000000000e+02,2.500000000000000000e+02,1.000000000000000000e+00,3.610000000000000000e+02,1.720000000000000000e+02,1.000000000000000000e+00,4.610000000000000000e+02,2.130000000000000000e+02,1.000000000000000000e+00,5.380000000000000000e+02,1.660000000000000000e+02,1.000000000000000000e+00,3.010000000000000000e+02,3.750000000000000000e+02,1.000000000000000000e+00,2.580000000000000000e+02,3.750000000000000000e+02,1.000000000000000000e+00,2.526142730712890625e+02,4.986907653808593750e+02,0.000000000000000000e+00,-1.463909149169921875e+01,-4.734019470214843750e+01,0.000000000000000000e+00,3.440000000000000000e+02,3.740000000000000000e+02,1.000000000000000000e+00,-1.463909149169921875e+01,-4.734019470214843750e+01,0.000000000000000000e+00,-1.463909149169921875e+01,-4.734019470214843750e+01,0.000000000000000000e+00,2.820000000000000000e+02,9.100000000000000000e+01,1.000000000000000000e+00,3.100000000000000000e+02,8.900000000000000000e+01,1.000000000000000000e+00,2.660000000000000000e+02,1.040000000000000000e+02,1.000000000000000000e+00,3.270000000000000000e+02,9.500000000000000000e+01,1.000000000000000000e+00,-1.463909149169921875e+01,-4.734019470214843750e+01,0.000000000000000000e+00,-1.463909149169921875e+01,-4.734019470214843750e+01,0.000000000000000000e+00,-1.463909149169921875e+01,-4.734019470214843750e+01,0.000000000000000000e+00,-1.463909149169921875e+01,-4.734019470214843750e+01,0.000000000000000000e+00,-1.463909149169921875e+01,-4.734019470214843750e+01,0.000000000000000000e+00,-1.463909149169921875e+01,-4.734019470214843750e+01,0.000000000000000000e+00,6.560974836944534205e-01,1.909119949304156183e+00,2.204471506110237566e+00,2.595893545552499404e+00
2.960000000000000000e+02,1.030000000000000000e+02,1.000000000000000000e+00,3.040000000000000000e+02,1.810000000000000000e+02,1.000000000000000000e+00,2.450000000000000000e+02,1.810000000000000000e+02,1.000000000000000000e+00,2.020000000000000000e+02,2.800000000000000000e+02,1.000000000000000000e+00,2.640000000000000000e+02,2.700000000000000000e+02,1.000000000000000000e+00,3.610000000000000000e+02,1.720000000000000000e+02,1.000000000000000000e+00,4.610000000000000000e+02,2.130000000000000000e+02,1.000000000000000000e+00,5.410000000000000000e+02,1.650000000000000000e+02,1.000000000000000000e+00,3.010000000000000000e+02,3.750000000000000000e+02,1.000000000000000000e+00,2.570000000000000000e+02,3.760000000000000000e+02,1.000000000000000000e+00,2.524685058593750000e+02,4.987088623046875000e+02,0.000000000000000000e+00,-1.497475433349609375e+01,-4.809833526611328125e+01,0.000000000000000000e+00,3.430000000000000000e+02,3.740000000000000000e+02,1.000000000000000000e+00,-1.497475433349609375e+01,-4.809833526611328125e+01,0.000000000000000000e+00,-1.497475433349609375e+01,-4.809833526611328125e+01,0.000000000000000000e+00,2.820000000000000000e+02,9.100000000000000000e+01,1.000000000000000000e+00,3.100000000000000000e+02,8.900000000000000000e+01,1.000000000000000000e+00,2.660000000000000000e+02,1.040000000000000000e+02,1.000000000000000000e+00,3.270000000000000000e+02,9.500000000000000000e+01,1.000000000000000000e+00,-1.497475433349609375e+01,-4.809833526611328125e+01,0.000000000000000000e+00,-1.497475433349609375e+01,-4.809833526611328125e+01,0.000000000000000000e+00,-1.497475433349609375e+01,-4.809833526611328125e+01,0.000000000000000000e+00,-1.497475433349609375e+01,-4.809833526611328125e+01,0.000000000000000000e+00,-1.497475433349609375e+01,-4.809833526611328125e+01,0.000000000000000000e+00,-1.497475433349609375e+01,-4.809833526611328125e+01,0.000000000000000000e+00,1.001125275712294371e+00,1.980554254719279594e+00,2.212075922263930572e+00,2.595893545552499404e+00
2.960000000000000000e+02,1.030000000000000000e+02,1.000000000000000000e+00,3.040000000000000000e+02,1.810000000000000000e+02,1.000000000000000000e+00,2.450000000000000000e+02,1.820000000000000000e+02,1.000000000000000000e+00,2.020000000000000000e+02,2.830000000000000000e+02,1.000000000000000000e+00,2.660000000000000000e+02,2.960000000000000000e+02,1.000000000000000000e+00,3.610000000000000000e+02,1.720000000000000000e+02,1.000000000000000000e+00,4.610000000000000000e+02,2.130000000000000000e+02,1.000000000000000000e+00,5.410000000000000000e+02,1.650000000000000000e+02,1.000000000000000000e+00,2.990000000000000000e+02,3.750000000000000000e+02,1.000000000000000000e+00,2.580000000000000000e+02,3.760000000000000000e+02,1.000000000000000000e+00,2.524505920410156250e+02,4.990391845703125000e+02,0.000000000000000000e+00,-1.528772735595703125e+01,-4.699881744384765625e+01,0.000000000000000000e+00,3.450000000000000000e+02,3.760000000000000000e+02,1.000000000000000000e+00,-1.528772735595703125e+01,-4.699881744384765625e+01,0.000000000000000000e+00,-1.528772735595703125e+01,-4.699881744384765625e+01,0.000000000000000000e+00,2.820000000000000000e+02,9.100000000000000000e+01,1.000000000000000000e+00,3.100000000000000000e+02,8.900000000000000000e+01,1.000000000000000000e+00,2.660000000000000000e+02,1.040000000000000000e+02,1.000000000000000000e+00,3.270000000000000000e+02,9.500000000000000000e+01,1.000000000000000000e+00,-1.528772735595703125e+01,-4.699881744384765625e+01,0.000000000000000000e+00,-1.528772735595703125e+01,-4.699881744384765625e+01,0.000000000000000000e+00,-1.528772735595703125e+01,-4.699881744384765625e+01,0.000000000000000000e+00,-1.528772735595703125e+01,-4.699881744384765625e+01,0.000000000000000000e+00,-1.528772735595703125e+01,-4.699881744384765625e+01,0.000000000000000000e+00,-1.528772735595703125e+01,-4.699881744384765625e+01,0.000000000000000000e+00,1.368695434269270317e+00,1.990243302952806381e+00,2.212075922263930572e+00,2.595893545552499404e+00
2.960000000000000000e+02,1.030000000000000000e+02,1.000000000000000000e+00,3.040000000000000000e+02,1.810000000000000000e+02,1.000000000000000000e+00,2.450000000000000000e+02,1.830000000000000000e+02,1.000000000000000000e+00,2.030000000000000000e+02,2.680000000000000000e+02,1.000000000000000000e+00,2.130000000000000000e+02,2.920000000000000000e+02,1.000000000000000000e+00,3.610000000000000000e+02,1.720000000000000000e+02,1.000000000000000000e+00,4.610000000000000000e+02,2.130000000000000000e+02,1.000000000000000000e+00,5.410000000000000000e+02,1.660000000000000000e+02,1.000000000000000000e+00,3.000000000000000000e+02,3.800000000000000000e+02,1.000000000000000000e+00,2.590000000000000000e+02,3.760000000000000000e+02,1.000000000000000000e+00,2.524013214111328125e+02,4.988978576660156250e+02,0.000000000000000000e+00,-1.507244873046875000e+01,-4.665893554687500000e+01,0.000000000000000000e+00,3.440000000000000000e+02,3.780000000000000000e+02,1.000000000000000000e+00,-1.507244873046875000e+01,-4.665893554687500000e+01,0.000000000000000000e+00,-1.507244873046875000e+01,-4.665893554687500000e+01,0.000000000000000000e+00,2.820000000000000000e+02,9.100000000000000000e+01,1.000000000000000000e+00,3.100000000000000000e+02,8.900000000000000000e+01,1.000000000000000000e+00,2.660000000000000000e+02,1.040000000000000000e+02,1.000000000000000000e+00,3.270000000000000000e+02,9.500000000000000000e+01,1.000000000000000000e+00,-1.507244873046875000e+01,-4.665893554687500000e+01,0.000000000000000000e+00,-1.507244873046875000e+01,-4.665893554687500000e+01,0.000000000000000000e+00,-1.507244873046875000e+01,-4.665893554687500000e+01,0.000000000000000000e+00,-1.507244873046875000e+01,-4.665893554687500000e+01,0.000000000000000000e+00,-1.507244873046875000e+01,-4.665893554687500000e+01,0.000000000000000000e+00,-1.507244873046875000e+01,-4.665893554687500000e+01,0.000000000000000000e+00,2.287870871037631204e+00,2.063612319551414664e+00,2.221317803308750172e+00,2.595893545552499404e+00
2.960000000000000000e+02,1.040000000000000000e+02,1.000000000000000000e+00,3.040000000000000000e+02,1.810000000000000000e+02,1.000000000000000000e+00,2.460000000000000000e+02,1.840000000000000000e+02,1.000000000000000000e+00,2.020000000000000000e+02,2.800000000000000000e+02,1.000000000000000000e+00,2.780000000000000000e+02,3.340000000000000000e+02,1.000000000000000000e+00,3.610000000000000000e+02,1.720000000000000000e+02,1.000000000000000000e+00,4.610000000000000000e+02,2.130000000000000000e+02,1.000000000000000000e+00,5.390000000000000000e+02,1.680000000000000000e+02,1.000000000000000000e+00,3.020000000000000000e+02,3.580000000000000000e+02,1.000000000000000000e+00,2.620000000000000000e+02,3.600000000000000000e+02,1.000000000000000000e+00,2.580000000000000000e+02,4.770000000000000000e+02,1.000000000000000000e+00,-1.293384552001953125e+01,-4.431877136230468750e+01,0.000000000000000000e+00,3.460000000000000000e+02,3.600000000000000000e+02,1.000000000000000000e+00,3.480000000000000000e+02,4.770000000000000000e+02,1.000000000000000000e+00,-1.293384552001953125e+01,-4.431877136230468750e+01,0.000000000000000000e+00,2.820000000000000000e+02,9.200000000000000000e+01,1.000000000000000000e+00,3.100000000000000000e+02,9.000000000000000000e+01,1.000000000000000000e+00,2.660000000000000000e+02,1.050000000000000000e+02,1.000000000000000000e+00,3.270000000000000000e+02,9.500000000000000000e+01,1.000000000000000000e+00,-1.293384552001953125e+01,-4.431877136230468750e+01,0.000000000000000000e+00,-1.293384552001953125e+01,-4.431877136230468750e+01,0.000000000000000000e+00,-1.293384552001953125e+01,-4.431877136230468750e+01,0.000000000000000000e+00,-1.293384552001953125e+01,-4.431877136230468750e+01,0.000000000000000000e+00,-1.293384552001953125e+01,-4.431877136230468750e+01,0.000000000000000000e+00,-1.293384552001953125e+01,-4.431877136230468750e+01,0.000000000000000000e+00,1.758789773264440637e+00,2.052236690374015016e+00,2.229217100402539398e+00,2.595893545552499404e+00
2.960000000000000000e+02,1.050000000000000000e+02,1.000000000000000000e+00,3.040000000000000000e+02,1.810000000000000000e+02,1.000000000000000000e+00,2.470000000000000000e+02,1.850000000000000000e+02,1.000000000000000000e+00,2.040000000000000000e+02,2.830000000000000000e+02,1.000000000000000000e+00,2.720000000000000000e+02,3.510000000000000000e+02,1.000000000000000000e+00,3.610000000000000000e+02,1.720000000000000000e+02,1.000000000000000000e+00,4.610000000000000000e+02,2.140000000000000000e+02,1.000000000000000000e+00,5.510000000000000000e+02,1.570000000000000000e+02,1.000000000000000000e+00,3.040000000000000000e+02,3.640000000000000000e+02,1.000000000000000000e+00,2.580000000000000000e+02,3.660000000000000000e+02,1.000000000000000000e+00,2.580000000000000000e+02,4.770000000000000000e+02,1.000000000000000000e+00,-1.482856750488281250e+01,-4.561247253417968750e+01,0.000000000000000000e+00,3.460000000000000000e+02,3.660000000000000000e+02,1.000000000000000000e+00,3.460023803710937500e+02,4.742306823730468750e+02,0.000000000000000000e+00,-1.482856750488281250e+01,-4.561247253417968750e+01,0.000000000000000000e+00,2.820000000000000000e+02,9.300000000000000000e+01,1.000000000000000000e+00,3.100000000000000000e+02,9.100000000000000000e+01,1.000000000000000000e+00,2.660000000000000000e+02,1.060000000000000000e+02,1.000000000000000000e+00,3.270000000000000000e+02,9.600000000000000000e+01,1.000000000000000000e+00,-1.482856750488281250e+01,-4.561247253417968750e+01,0.000000000000000000e+00,-1.482856750488281250e+01,-4.561247253417968750e+01,0.000000000000000000e+00,-1.482856750488281250e+01,-4.561247253417968750e+01,0.000000000000000000e+00,-1.482856750488281250e+01,-4.561247253417968750e+01,0.000000000000000000e+00,-1.482856750488281250e+01,-4.561247253417968750e+01,0.000000000000000000e+00,-1.482856750488281250e+01,-4.561247253417968750e+01,0.000000000000000000e+00,1.942713958045677813e+00,2.054337441580019075e+00,2.179395268399563879e+00,2.587362785085648653e+00
2.950000000000000000e+02,1.060000000000000000e+02,1.000000000000000000e+00,3.040000000000000000e+02,1.810000000000000000e+02,1.000000000000000000e+00,2.480000000000000000e+02,1.860000000000000000e+02,1.000000000000000000e+00,2.040000000000000000e+02,2.840000000000000000e+02,1.000000000000000000e+00,2.680000000000000000e+02,3.550000000000000000e+02,1.000000000000000000e+00,3.610000000000000000e+02,1.720000000000000000e+02,1.000000000000000000e+00,4.610000000000000000e+02,2.150000000000000000e+02,1.000000000000000000e+00,5.510000000000000000e+02,1.580000000000000000e+02,1.000000000000000000e+00,3.000000000000000000e+02,3.650000000000000000e+02,1.000000000000000000e+00,2.640000000000000000e+02,3.660000000000000000e+02,1.000000000000000000e+00,2.580000000000000000e+02,4.770000000000000000e+02,1.000000000000000000e+00,-1.456381988525390625e+01,-4.459002685546875000e+01,0.000000000000000000e+00,3.450000000000000000e+02,3.660000000000000000e+02,1.000000000000000000e+00,3.464563293457031250e+02,4.764263916015625000e+02,0.000000000000000000e+00,-1.456381988525390625e+01,-4.459002685546875000e+01,0.000000000000000000e+00,2.810000000000000000e+02,9.400000000000000000e+01,1.000000000000000000e+00,3.100000000000000000e+02,9.200000000000000000e+01,1.000000000000000000e+00,2.660000000000000000e+02,1.060000000000000000e+02,1.000000000000000000e+00,3.270000000000000000e+02,9.700000000000000000e+01,1.000000000000000000e+00,-1.456381988525390625e+01,-4.459002685546875000e+01,0.000000000000000000e+00,-1.456381988525390625e+01,-4.459002685546875000e+01,0.000000000000000000e+00,-1.456381988525390625e+01,-4.459002685546875000e+01,0.000000000000000000e+00,-1.456381988525390625e+01,-4.459002685546875000e+01,0.000000000000000000e+00,-1.456381988525390625e+01,-4.459002685546875000e+01,0.000000000000000000e+00,-1.456381988525390625e+01,-4.459002685546875000e+01,0.000000000000000000e+00,1.985994917081128408e+00,2.081850939331612249e+00,2.170925201604077426e+00,2.578892718290162200e+00
2.940000000000000000e+02,1.060000000000000000e+02,1.000000000000000000e+00,3.040000000000000000e+02,1.810000000000000000e+02,1.000000000000000000e+00,2.480000000000000000e+02,1.860000000000000000e+02,1.000000000000000000e+00,2.010000000000000000e+02,2.820000000000000000e+02,1.000000000000000000e+00,2.650000000000000000e+02,3.470000000000000000e+02,1.000000000000000000e+00,3.610000000000000000e+02,1.720000000000000000e+02,1.000000000000000000e+00,4.610000000000000000e+02,2.160000000000000000e+02,1.000000000000000000e+00,5.410000000000000000e+02,1.650000000000000000e+02,1.000000000000000000e+00,3.030000000000000000e+02,3.630000000000000000e+02,1.000000000000000000e+00,2.630000000000000000e+02,3.630000000000000000e+02,1.000000000000000000e+00,2.620000000000000000e+02,4.770000000000000000e+02,1.000000000000000000e+00,-1.272802734375000000e+01,-4.391819763183593750e+01,0.000000000000000000e+00,3.460000000000000000e+02,3.630000000000000000e+02,1.000000000000000000e+00,3.489472045898437500e+02,4.771528625488281250e+02,0.000000000000000000e+00,-1.272802734375000000e+01,-4.391819763183593750e+01,0.000000000000000000e+00,2.800000000000000000e+02,9.400000000000000000e+01,1.000000000000000000e+00,3.090000000000000000e+02,9.200000000000000000e+01,1.000000000000000000e+00,2.660000000000000000e+02,1.060000000000000000e+02,1.000000000000000000e+00,3.270000000000000000e+02,9.700000000000000000e+01,1.000000000000000000e+00,-1.272802734375000000e+01,-4.391819763183593750e+01,0.000000000000000000e+00,-1.272802734375000000e+01,-4.391819763183593750e+01,0.000000000000000000e+00,-1.272802734375000000e+01,-4.391819763183593750e+01,0.000000000000000000e+00,-1.272802734375000000e+01,-4.391819763183593750e+01,0.000000000000000000e+00,-1.272802734375000000e+01,-4.391819763183593750e+01,0.000000000000000000e+00,-1.272802734375000000e+01,-4.391819763183593750e+01,0.000000000000000000e+00,1.908666669416038131e+00,2.115125512917908068e+00,2.159548154220256588e+00,2.570483902022991707e+00
2.930000000000000000e+02,1.060000000000000000e+02,1.000000000000000000e+00,3.040000000000000000e+02,1.810000000000000000e+02,1.000000000000000000e+00,2.470000000000000000e+02,1.850000000000000000e+02,1.000000000000000000e+00,1.970000000000000000e+02,2.780000000000000000e+02,1.000000000000000000e+00,2.640000000000000000e+02,3.300000000000000000e+02,1.000000000000000000e+00,3.610000000000000000e+02,1.720000000000000000e+02,1.000000000000000000e+00,4.610000000000000000e+02,2.170000000000000000e+02,1.000000000000000000e+00,5.410000000000000000e+02,1.650000000000000000e+02,1.000000000000000000e+00,3.020000000000000000e+02,3.620000000000000000e+02,1.000000000000000000e+00,2.600000000000000000e+02,3.640000000000000000e+02,1.000000000000000000e+00,2.643707885742187500e+02,4.774374084472656250e+02,0.000000000000000000e+00,-1.522507476806640625e+01,-4.498928833007812500e+01,0.000000000000000000e+00,3.460000000000000000e+02,3.630000000000000000e+02,1.000000000000000000e+00,3.505152893066406250e+02,4.756081848144531250e+02,0.000000000000000000e+00,-1.522507476806640625e+01,-4.498928833007812500e+01,0.000000000000000000e+00,2.790000000000000000e+02,9.300000000000000000e+01,1.000000000000000000e+00,3.090000000000000000e+02,9.200000000000000000e+01,1.000000000000000000e+00,2.660000000000000000e+02,1.050000000000000000e+02,1.000000000000000000e+00,3.270000000000000000e+02,9.700000000000000000e+01,1.000000000000000000e+00,-1.522507476806640625e+01,-4.498928833007812500e+01,0.000000000000000000e+00,-1.522507476806640625e+01,-4.498928833007812500e+01,0.000000000000000000e+00,-1.522507476806640625e+01,-4.498928833007812500e+01,0.000000000000000000e+00,-1.522507476806640625e+01,-4.498928833007812500e+01,0.000000000000000000e+00,-1.522507476806640625e+01,-4.498928833007812500e+01,0.000000000000000000e+00,-1.522507476806640625e+01,-4.498928833007812500e+01,0.000000000000000000e+00,1.737505437661749808e+00,2.134156841622431244e+00,2.142363506865669009e+00,2.562136850474837413e+00
2.940000000000000000e+02,1.050000000000000000e+02,1.000000000000000000e+00,3.040000000000000000e+02,1.810000000000000000e+02,1.000000000000000000e+00,2.460000000000000000e+02,1.840000000000000000e+02,1.000000000000000000e+00,1.940000000000000000e+02,2.720000000000000000e+02,1.000000000000000000e+00,2.630000000000000000e+02,3.090000000000000000e+02,1.000000000000000000e+00,3.610000000000000000e+02,1.720000000000000000e+02,1.000000000000000000e+00,4.610000000000000000e+02,2.170000000000000000e+02,1.000000000000000000e+00,5.440000000000000000e+02,1.650000000000000000e+02,1.000000000000000000e+00,3.000000000000000000e+02,3.800000000000000000e+02,1.000000000000000000e+00,2.560000000000000000e+02,3.800000000000000000e+02,1.000000000000000000e+00,2.670540161132812500e+02,4.859748840332031250e+02,0.000000000000000000e+00,-1.443244934082031250e+01,-4.926402282714843750e+01,0.000000000000000000e+00,3.460000000000000000e+02,3.820000000000000000e+02,1.000000000000000000e+00,3.489837646484375000e+02,4.732853698730468750e+02,0.000000000000000000e+00,-1.443244934082031250e+01,-4.926402282714843750e+01,0.000000000000000000e+00,2.780000000000000000e+02,9.300000000000000000e+01,1.000000000000000000e+00,3.080000000000000000e+02,9.200000000000000000e+01,1.000000000000000000e+00,2.660000000000000000e+02,1.050000000000000000e+02,1.000000000000000000e+00,3.270000000000000000e+02,9.700000000000000000e+01,1.000000000000000000e+00,-1.443244934082031250e+01,-4.926402282714843750e+01,0.000000000000000000e+00,-1.443244934082031250e+01,-4.926402282714843750e+01,0.000000000000000000e+00,-1.443244934082031250e+01,-4.926402282714843750e+01,0.000000000000000000e+00,-1.443244934082031250e+01,-4.926402282714843750e+01,0.000000000000000000e+00,-1.443244934082031250e+01,-4.926402282714843750e+01,0.000000000000000000e+00,-1.443244934082031250e+01,-4.926402282714843750e+01,0.000000000000000000e+00,1.529299401995201313e+00,2.156182602916588031e+00,2.159057161453573848e+00,2.562136850474837413e+00
2.930000000000000000e+02,1.040000000000000000e+02,1.000000000000000000e+00,3.040000000000000000e+02,1.810000000000000000e+02,1.000000000000000000e+00,2.460000000000000000e+02,1.830000000000000000e+02,1.000000000000000000e+00,1.930000000000000000e+02,2.640000000000000000e+02,1.000000000000000000e+00,1.990000000000000000e+02,2.680000000000000000e+02,1.000000000000000000e+00,3.630000000000000000e+02,1.750000000000000000e+02,1.000000000000000000e+00,4.610000000000000000e+02,2.170000000000000000e+02,1.000000000000000000e+00,5.440000000000000000e+02,1.650000000000000000e+02,1.000000000000000000e+00,2.980000000000000000e+02,3.760000000000000000e+02,1.000000000000000000e+00,2.540000000000000000e+02,3.780000000000000000e+02,1.000000000000000000e+00,2.666410522460937500e+02,4.950664062500000000e+02,0.000000000000000000e+00,-1.420645141601562500e+01,-4.610739135742187500e+01,0.000000000000000000e+00,3.460000000000000000e+02,3.790000000000000000e+02,1.000000000000000000e+00,3.485924377441406250e+02,4.710210571289062500e+02,0.000000000000000000e+00,-1.420645141601562500e+01,-4.610739135742187500e+01,0.000000000000000000e+00,2.770000000000000000e+02,9.200000000000000000e+01,1.000000000000000000e+00,3.070000000000000000e+02,9.100000000000000000e+01,1.000000000000000000e+00,2.660000000000000000e+02,1.040000000000000000e+02,1.000000000000000000e+00,3.270000000000000000e+02,9.700000000000000000e+01,1.000000000000000000e+00,-1.420645141601562500e+01,-4.610739135742187500e+01,0.000000000000000000e+00,-1.420645141601562500e+01,-4.610739135742187500e+01,0.000000000000000000e+00,-1.420645141601562500e+01,-4.610739135742187500e+01,0.000000000000000000e+00,-1.420645141601562500e+01,-4.610739135742187500e+01,0.000000000000000000e+00,-1.420645141601562500e+01,-4.610739135742187500e+01,0.000000000000000000e+00,-1.420645141601562500e+01,-4.610739135742187500e+01,0.000000000000000000e+00,1.579392103620847365e+00,2.184672254516021539e+00,2.177019301301430954e+00,2.635354364039041553e+00
2.920000000000000000e+02,1.030000000000000000e+02,1.000000000000000000e+00,3.040000000000000000e+02,1.810000000000000000e+02,1.000000000000000000e+00,2.460000000000000000e+02,1.820000000000000000e+02,1.000000000000000000e+00,1.910000000000000000e+02,2.660000000000000000e+02,1.000000000000000000e+00,2.660000000000000000e+02,2.640000000000000000e+02,1.000000000000000000e+00,3.630000000000000000e+02,1.750000000000000000e+02,1.000000000000000000e+00,4.610000000000000000e+02,2.170000000000000000e+02,1.000000000000000000e+00,5.450000000000000000e+02,1.660000000000000000e+02,1.000000000000000000e+00,3.020000000000000000e+02,3.760000000000000000e+02,1.000000000000000000e+00,2.530000000000000000e+02,3.780000000000000000e+02,1.000000000000000000e+00,2.662753906250000000e+02,4.961449890136718750e+02,0.000000000000000000e+00,-1.347503662109375000e+01,-4.522419738769531250e+01,0.000000000000000000e+00,3.460000000000000000e+02,3.790000000000000000e+02,1.000000000000000000e+00,3.482549133300781250e+02,4.819340209960937500e+02,0.000000000000000000e+00,-1.347503662109375000e+01,-4.522419738769531250e+01,0.000000000000000000e+00,2.760000000000000000e+02,9.100000000000000000e+01,1.000000000000000000e+00,3.060000000000000000e+02,9.000000000000000000e+01,1.000000000000000000e+00,2.660000000000000000e+02,1.030000000000000000e+02,1.000000000000000000e+00,3.270000000000000000e+02,9.700000000000000000e+01,1.000000000000000000e+00,-1.347503662109375000e+01,-4.522419738769531250e+01,0.000000000000000000e+00,-1.347503662109375000e+01,-4.522419738769531250e+01,0.000000000000000000e+00,-1.347503662109375000e+01,-4.522419738769531250e+01,0.000000000000000000e+00,-1.347503662109375000e+01,-4.522419738769531250e+01,0.000000000000000000e+00,-1.347503662109375000e+01,-4.522419738769531250e+01,0.000000000000000000e+00,-1.347503662109375000e+01,-4.522419738769531250e+01,0.000000000000000000e+00,9.644204779766198943e-01,2.167751498433104995e+00,2.191045812777717927e+00,2.635354364039041553e+00
2.910000000000000000e+02,1.020000000000000000e+02,1.000000000000000000e+00,3.040000000000000000e+02,1.810000000000000000e+02,1.000000000000000000e+00,2.460000000000000000e+02,1.810000000000000000e+02,1.000000000000000000e+00,1.870000000000000000e+02,2.780000000000000000e+02,1.000000000000000000e+00,2.660000000000000000e+02,2.380000000000000000e+02,1.000000000000000000e+00,3.630000000000000000e+02,1.750000000000000000e+02,1.000000000000000000e+00,4.610000000000000000e+02,2.170000000000000000e+02,1.000000000000000000e+00,5.450000000000000000e+02,1.660000000000000000e+02,1.000000000000000000e+00,3.020000000000000000e+02,3.760000000000000000e+02,1.000000000000000000e+00,2.520000000000000000e+02,3.780000000000000000e+02,1.000000000000000000e+00,2.666323852539062500e+02,4.945224304199218750e+02,0.000000000000000000e+00,-1.352334594726562500e+01,-4.520646667480468750e+01,0.000000000000000000e+00,3.460000000000000000e+02,3.790000000000000000e+02,1.000000000000000000e+00,3.504484252929687500e+02,4.874831848144531250e+02,0.000000000000000000e+00,-1.352334594726562500e+01,-4.520646667480468750e+01,0.000000000000000000e+00,2.760000000000000000e+02,9.000000000000000000e+01,1.000000000000000000e+00,3.060000000000000000e+02,8.900000000000000000e+01,1.000000000000000000e+00,2.660000000000000000e+02,1.030000000000000000e+02,1.000000000000000000e+00,3.270000000000000000e+02,9.700000000000000000e+01,1.000000000000000000e+00,-1.352334594726562500e+01,-4.520646667480468750e+01,0.000000000000000000e+00,-1.352334594726562500e+01,-4.520646667480468750e+01,0.000000000000000000e+00,-1.352334594726562500e+01,-4.520646667480468750e+01,0.000000000000000000e+00,-1.352334594726562500e+01,-4.520646667480468750e+01,0.000000000000000000e+00,-1.352334594726562500e+01,-4.520646667480468750e+01,0.000000000000000000e+00,-1.352334594726562500e+01,-4.520646667480468750e+01,0.000000000000000000e+00,5.556365328737330467e-01,2.117258049606181469e+00,2.191045812777717927e+00,2.635354364039041553e+00
2.910000000000000000e+02,1.010000000000000000e+02,1.000000000000000000e+00,3.040000000000000000e+02,1.810000000000000000e+02,1.000000000000000000e+00,2.470000000000000000e+02,1.810000000000000000e+02,1.000000000000000000e+00,1.890000000000000000e+02,2.770000000000000000e+02,1.000000000000000000e+00,2.620000000000000000e+02,2.180000000000000000e+02,1.000000000000000000e+00,3.630000000000000000e+02,1.750000000000000000e+02,1.000000000000000000e+00,4.610000000000000000e+02,2.170000000000000000e+02,1.000000000000000000e+00,5.450000000000000000e+02,1.660000000000000000e+02,1.000000000000000000e+00,3.020000000000000000e+02,3.760000000000000000e+02,1.000000000000000000e+00,2.550000000000000000e+02,3.780000000000000000e+02,1.000000000000000000e+00,2.665390625000000000e+02,4.985985107421875000e+02,0.000000000000000000e+00,-1.389031982421875000e+01,-4.547393798828125000e+01,0.000000000000000000e+00,3.460000000000000000e+02,3.790000000000000000e+02,1.000000000000000000e+00,3.519724731445312500e+02,4.839627990722656250e+02,0.000000000000000000e+00,-1.389031982421875000e+01,-4.547393798828125000e+01,0.000000000000000000e+00,2.760000000000000000e+02,9.000000000000000000e+01,1.000000000000000000e+00,3.060000000000000000e+02,8.900000000000000000e+01,1.000000000000000000e+00,2.660000000000000000e+02,1.030000000000000000e+02,1.000000000000000000e+00,3.270000000000000000e+02,9.700000000000000000e+01,1.000000000000000000e+00,-1.389031982421875000e+01,-4.547393798828125000e+01,0.000000000000000000e+00,-1.389031982421875000e+01,-4.547393798828125000e+01,0.000000000000000000e+00,-1.389031982421875000e+01,-4.547393798828125000e+01,0.000000000000000000e+00,-1.389031982421875000e+01,-4.547393798828125000e+01,0.000000000000000000e+00,-1.389031982421875000e+01,-4.547393798828125000e+01,0.000000000000000000e+00,-1.389031982421875000e+01,-4.547393798828125000e+01,0.000000000000000000e+00,3.475861507842605835e-01,2.114273921507940024e+00,2.191045812777717927e+00,2.635354364039041553e+00
2.910000000000000000e+02,1.010000000000000000e+02,1.000000000000000000e+00,3.070000000000000000e+02,1.810000000000000000e+02,1.000000000000000000e+00,2.480000000000000000e+02,1.810000000000000000e+02,1.000000000000000000e+00,1.970000000000000000e+02,2.840000000000000000e+02,1.000000000000000000e+00,2.010000000000000000e+02,2.660000000000000000e+02,1.000000000000000000e+00,3.630000000000000000e+02,1.750000000000000000e+02,1.000000000000000000e+00,4.610000000000000000e+02,2.170000000000000000e+02,1.000000000000000000e+00,5.450000000000000000e+02,1.660000000000000000e+02,1.000000000000000000e+00,3.020000000000000000e+02,3.760000000000000000e+02,1.000000000000000000e+00,2.550000000000000000e+02,3.770000000000000000e+02,1.000000000000000000e+00,2.665203857421875000e+02,4.982349853515625000e+02,0.000000000000000000e+00,-1.427442932128906250e+01,-4.612811279296875000e+01,0.000000000000000000e+00,3.460000000000000000e+02,3.790000000000000000e+02,1.000000000000000000e+00,3.495411376953125000e+02,4.917422180175781250e+02,0.000000000000000000e+00,-1.427442932128906250e+01,-4.612811279296875000e+01,0.000000000000000000e+00,2.760000000000000000e+02,9.000000000000000000e+01,1.000000000000000000e+00,3.060000000000000000e+02,8.900000000000000000e+01,1.000000000000000000e+00,2.660000000000000000e+02,1.030000000000000000e+02,1.000000000000000000e+00,3.270000000000000000e+02,9.700000000000000000e+01,1.000000000000000000e+00,-1.427442932128906250e+01,-4.612811279296875000e+01,0.000000000000000000e+00,-1.427442932128906250e+01,-4.612811279296875000e+01,0.000000000000000000e+00,-1.427442932128906250e+01,-4.612811279296875000e+01,0.000000000000000000e+00,-1.427442932128906250e+01,-4.612811279296875000e+01,0.000000000000000000e+00,-1.427442932128906250e+01,-4.612811279296875000e+01,0.000000000000000000e+00,-1.427442932128906250e+01,-4.612811279296875000e+01,0.000000000000000000e+00,2.410876321802191691e-01,2.030552904849058038e+00,2.191045812777717927e+00,2.629965194655574212e+00
2.910000000000000000e+02,1.010000000000000000e+02,1.000000000000000000e+00,3.060000000000000000e+02,1.810000000000000000e+02,1.000000000000000000e+00,2.480000000000000000e+02,1.810000000000000000e+02,1.000000000000000000e+00,2.000000000000000000e+02,2.850000000000000000e+02,1.000000000000000000e+00,2.020000000000000000e+02,2.650000000000000000e+02,1.000000000000000000e+00,3.630000000000000000e+02,1.750000000000000000e+02,1.000000000000000000e+00,4.610000000000000000e+02,2.180000000000000000e+02,1.000000000000000000e+00,5.450000000000000000e+02,1.670000000000000000e+02,1.000000000000000000e+00,3.020000000000000000e+02,3.760000000000000000e+02,1.000000000000000000e+00,2.570000000000000000e+02,3.760000000000000000e+02,1.000000000000000000e+00,2.664911193847656250e+02,4.972627258300781250e+02,0.000000000000000000e+00,-1.435127258300781250e+01,-4.537515258789062500e+01,0.000000000000000000e+00,3.460000000000000000e+02,3.790000000000000000e+02,1.000000000000000000e+00,3.494799804687500000e+02,4.921234436035156250e+02,0.000000000000000000e+00,-1.435127258300781250e+01,-4.537515258789062500e+01,0.000000000000000000e+00,2.780000000000000000e+02,8.900000000000000000e+01,1.000000000000000000e+00,3.060000000000000000e+02,8.900000000000000000e+01,1.000000000000000000e+00,2.660000000000000000e+02,1.030000000000000000e+02,1.000000000000000000e+00,3.270000000000000000e+02,9.700000000000000000e+01,1.000000000000000000e+00,-1.435127258300781250e+01,-4.537515258789062500e+01,0.000000000000000000e+00,-1.435127258300781250e+01,-4.537515258789062500e+01,0.000000000000000000e+00,-1.435127258300781250e+01,-4.537515258789062500e+01,0.000000000000000000e+00,-1.435127258300781250e+01,-4.537515258789062500e+01,0.000000000000000000e+00,-1.435127258300781250e+01,-4.537515258789062500e+01,0.000000000000000000e+00,-1.435127258300781250e+01,-4.537515258789062500e+01,0.000000000000000000e+00,3.327391230793756982e-01,2.003204102365434558e+00,2.182457066916134281e+00,2.623235182712892577e+00
2.910000000000000000e+02,1.010000000000000000e+02,1.000000000000000000e+00,3.060000000000000000e+02,1.810000000000000000e+02,1.000000000000000000e+00,2.450000000000000000e+02,1.810000000000000000e+02,1.000000000000000000e+00,2.050000000000000000e+02,2.900000000000000000e+02,1.000000000000000000e+00,2.040000000000000000e+02,2.660000000000000000e+02,1.000000000000000000e+00,3.630000000000000000e+02,1.750000000000000000e+02,1.000000000000000000e+00,4.610000000000000000e+02,2.190000000000000000e+02,1.000000000000000000e+00,5.450000000000000000e+02,1.680000000000000000e+02,1.000000000000000000e+00,3.020000000000000000e+02,3.760000000000000000e+02,1.000000000000000000e+00,2.580000000000000000e+02,3.760000000000000000e+02,1.000000000000000000e+00,2.667364196777343750e+02,5.101582946777343750e+02,0.000000000000000000e+00,-1.392857360839843750e+01,-4.558973693847656250e+01,0.000000000000000000e+00,3.460000000000000000e+02,3.790000000000000000e+02,1.000000000000000000e+00,3.496114196777343750e+02,4.935606994628906250e+02,0.000000000000000000e+00,-1.392857360839843750e+01,-4.558973693847656250e+01,0.000000000000000000e+00,2.780000000000000000e+02,8.900000000000000000e+01,1.000000000000000000e+00,3.060000000000000000e+02,8.900000000000000000e+01,1.000000000000000000e+00,2.660000000000000000e+02,1.030000000000000000e+02,1.000000000000000000e+00,3.270000000000000000e+02,9.700000000000000000e+01,1.000000000000000000e+00,-1.392857360839843750e+01,-4.558973693847656250e+01,0.000000000000000000e+00,-1.392857360839843750e+01,-4.558973693847656250e+01,0.000000000000000000e+00,-1.392857360839843750e+01,-4.558973693847656250e+01,0.000000000000000000e+00,-1.392857360839843750e+01,-4.558973693847656250e+01,0.000000000000000000e+00,-1.392857360839843750e+01,-4.558973693847656250e+01,0.000000000000000000e+00,-1.392857360839843750e+01,-4.558973693847656250e+01,0.000000000000000000e+00,3.933569148745880706e-01,1.922510662570896312e+00,2.173932569160583750e+00,2.614710684957342046e+00
2.910000000000000000e+02,1.010000000000000000e+02,1.000000000000000000e+00,3.060000000000000000e+02,1.810000000000000000e+02,1.000000000000000000e+00,2.440000000000000000e+02,1.830000000000000000e+02,1.000000000000000000e+00,2.090000000000000000e+02,2.920000000000000000e+02,1.000000000000000000e+00,2.070000000000000000e+02,2.680000000000000000e+02,1.000000000000000000e+00,3.640000000000000000e+02,1.780000000000000000e+02,1.000000000000000000e+00,4.610000000000000000e+02,2.200000000000000000e+02,1.000000000000000000e+00,5.480000000000000000e+02,1.680000000000000000e+02,1.000000000000000000e+00,3.020000000000000000e+02,3.760000000000000000e+02,1.000000000000000000e+00,2.580000000000000000e+02,3.760000000000000000e+02,1.000000000000000000e+00,2.669019165039062500e+02,5.102773132324218750e+02,0.000000000000000000e+00,-1.411315917968750000e+01,-4.558064270019531250e+01,0.000000000000000000e+00,3.460000000000000000e+02,3.790000000000000000e+02,1.000000000000000000e+00,3.498311462402343750e+02,4.930319519042968750e+02,0.000000000000000000e+00,-1.411315917968750000e+01,-4.558064270019531250e+01,0.000000000000000000e+00,2.780000000000000000e+02,8.900000000000000000e+01,1.000000000000000000e+00,3.060000000000000000e+02,8.900000000000000000e+01,1.000000000000000000e+00,2.660000000000000000e+02,1.030000000000000000e+02,1.000000000000000000e+00,3.270000000000000000e+02,9.700000000000000000e+01,1.000000000000000000e+00,-1.411315917968750000e+01,-4.558064270019531250e+01,0.000000000000000000e+00,-1.411315917968750000e+01,-4.558064270019531250e+01,0.000000000000000000e+00,-1.411315917968750000e+01,-4.558064270019531250e+01,0.000000000000000000e+00,-1.411315917968750000e+01,-4.558064270019531250e+01,0.000000000000000000e+00,-1.411315917968750000e+01,-4.558064270019531250e+01,0.000000000000000000e+00,-1.411315917968750000e+01,-4.558064270019531250e+01,0.000000000000000000e+00,3.938425122057147010e-01,1.913744489547423822e+00,2.194246721974598913e+00,2.681296092000214681e+00
2.910000000000000000e+02,1.010000000000000000e+02,1.000000000000000000e+00,3.060000000000000000e+02,1.810000000000000000e+02,1.000000000000000000e+00,2.460000000000000000e+02,1.860000000000000000e+02,1.000000000000000000e+00,2.110000000000000000e+02,2.940000000000000000e+02,1.000000000000000000e+00,2.480000000000000000e+02,1.970000000000000000e+02,1.000000000000000000e+00,3.640000000000000000e+02,1.780000000000000000e+02,1.000000000000000000e+00,4.610000000000000000e+02,2.200000000000000000e+02,1.000000000000000000e+00,5.480000000000000000e+02,1.690000000000000000e+02,1.000000000000000000e+00,3.010000000000000000e+02,3.770000000000000000e+02,1.000000000000000000e+00,2.570000000000000000e+02,3.770000000000000000e+02,1.000000000000000000e+00,2.670529785156250000e+02,5.114410705566406250e+02,0.000000000000000000e+00,-1.421179199218750000e+01,-4.569808959960937500e+01,0.000000000000000000e+00,3.460000000000000000e+02,3.790000000000000000e+02,1.000000000000000000e+00,3.500223388671875000e+02,4.952825317382812500e+02,0.000000000000000000e+00,-1.421179199218750000e+01,-4.569808959960937500e+01,0.000000000000000000e+00,2.780000000000000000e+02,8.900000000000000000e+01,1.000000000000000000e+00,3.060000000000000000e+02,8.900000000000000000e+01,1.000000000000000000e+00,2.660000000000000000e+02,1.030000000000000000e+02,1.000000000000000000e+00,3.270000000000000000e+02,9.700000000000000000e+01,1.000000000000000000e+00,-1.421179199218750000e+01,-4.569808959960937500e+01,0.000000000000000000e+00,-1.421179199218750000e+01,-4.569808959960937500e+01,0.000000000000000000e+00,-1.421179199218750000e+01,-4.569808959960937500e+01,0.000000000000000000e+00,-1.421179199218750000e+01,-4.569808959960937500e+01,0.000000000000000000e+00,-1.421179199218750000e+01,-4.569808959960937500e+01,0.000000000000000000e+00,-1.421179199218750000e+01,-4.569808959960937500e+01,0.000000000000000000e+00,5.101338619999661039e-02,1.967331761628544617e+00,2.202758403706014612e+00,2.681296092000214681e+00
2.910000000000000000e+02,1.010000000000000000e+02,1.000000000000000000e+00,3.060000000000000000e+02,1.810000000000000000e+02,1.000000000000000000e+00,2.490000000000000000e+02,1.890000000000000000e+02,1.000000000000000000e+00,2.080000000000000000e+02,2.960000000000000000e+02,1.000000000000000000e+00,2.150000000000000000e+02,2.740000000000000000e+02,1.000000000000000000e+00,3.640000000000000000e+02,1.780000000000000000e+02,1.000000000000000000e+00,4.610000000000000000e+02,2.200000000000000000e+02,1.000000000000000000e+00,5.480000000000000000e+02,1.690000000000000000e+02,1.000000000000000000e+00,3.000000000000000000e+02,3.770000000000000000e+02,1.000000000000000000e+00,2.570000000000000000e+02,3.770000000000000000e+02,1.000000000000000000e+00,2.671105957031250000e+02,5.111361389160156250e+02,0.000000000000000000e+00,-1.437054443359375000e+01,-4.615939331054687500e+01,0.000000000000000000e+00,3.470000000000000000e+02,3.790000000000000000e+02,1.000000000000000000e+00,3.499895629882812500e+02,4.956975708007812500e+02,0.000000000000000000e+00,-1.437054443359375000e+01,-4.615939331054687500e+01,0.000000000000000000e+00,2.780000000000000000e+02,8.900000000000000000e+01,1.000000000000000000e+00,3.060000000000000000e+02,8.900000000000000000e+01,1.000000000000000000e+00,2.660000000000000000e+02,1.030000000000000000e+02,1.000000000000000000e+00,3.270000000000000000e+02,9.700000000000000000e+01,1.000000000000000000e+00,-1.437054443359375000e+01,-4.615939331054687500e+01,0.000000000000000000e+00,-1.437054443359375000e+01,-4.615939331054687500e+01,0.000000000000000000e+00,-1.437054443359375000e+01,-4.615939331054687500e+01,0.000000000000000000e+00,-1.437054443359375000e+01,-4.615939331054687500e+01,0.000000000000000000e+00,-1.437054443359375000e+01,-4.615939331054687500e+01,0.000000000000000000e+00,-1.437054443359375000e+01,-4.615939331054687500e+01,0.000000000000000000e+00,5.786792061831008693e-02,2.076157085528321566e+00,2.202758403706014612e+00,2.681296092000214681e+00
2.910000000000000000e+02,1.010000000000000000e+02,1.000000000000000000e+00,3.060000000000000000e+02,1.810000000000000000e+02,1.000000000000000000e+00,2.460000000000000000e+02,1.830000000000000000e+02,1.000000000000000000e+00,2.050000000000000000e+02,2.980000000000000000e+02,1.000000000000000000e+00,2.500000000000000000e+02,2.310000000000000000e+02,1.000000000000000000e+00,3.640000000000000000e+02,1.780000000000000000e+02,1.000000000000000000e+00,4.610000000000000000e+02,2.200000000000000000e+02,1.000000000000000000e+00,5.480000000000000000e+02,1.690000000000000000e+02,1.000000000000000000e+00,3.000000000000000000e+02,3.770000000000000000e+02,1.000000000000000000e+00,2.580000000000000000e+02,3.770000000000000000e+02,1.000000000000000000e+00,2.672736511230468750e+02,5.121610107421875000e+02,0.000000000000000000e+00,-1.250815582275390625e+01,-4.428459167480468750e+01,0.000000000000000000e+00,3.470000000000000000e+02,3.790000000000000000e+02,1.000000000000000000e+00,3.497639160156250000e+02,4.990231323242187500e+02,0.000000000000000000e+00,-1.250815582275390625e+01,-4.428459167480468750e+01,0.000000000000000000e+00,2.780000000000000000e+02,8.900000000000000000e+01,1.000000000000000000e+00,3.060000000000000000e+02,8.900000000000000000e+01,1.000000000000000000e+00,2.660000000000000000e+02,1.030000000000000000e+02,1.000000000000000000e+00,3.270000000000000000e+02,9.700000000000000000e+01,1.000000000000000000e+00,-1.250815582275390625e+01,-4.428459167480468750e+01,0.000000000000000000e+00,-1.250815582275390625e+01,-4.428459167480468750e+01,0.000000000000000000e+00,-1.250815582275390625e+01,-4.428459167480468750e+01,0.000000000000000000e+00,-1.250815582275390625e+01,-4.428459167480468750e+01,0.000000000000000000e+00,-1.250815582275390625e+01,-4.428459167480468750e+01,0.000000000000000000e+00,-1.250815582275390625e+01,-4.428459167480468750e+01,0.000000000000000000e+00,2.489660398484296877e-01,1.946590298962269872e+00,2.202758403706014612e+00,2.681296092000214681e+00
2.910000000000000000e+02,1.010000000000000000e+02,1.000000000000000000e+00,3.060000000000000000e+02,1.810000000000000000e+02,1.000000000000000000e+00,2.480000000000000000e+02,1.840000000000000000e+02,1.000000000000000000e+00,2.010000000000000000e+02,2.840000000000000000e+02,1.000000000000000000e+00,2.070000000000000000e+02,2.800000000000000000e+02,1.000000000000000000e+00,3.640000000000000000e+02,1.780000000000000000e+02,1.000000000000000000e+00,4.610000000000000000e+02,2.200000000000000000e+02,1.000000000000000000e+00,5.510000000000000000e+02,1.690000000000000000e+02,1.000000000000000000e+00,3.000000000000000000e+02,3.770000000000000000e+02,1.000000000000000000e+00,2.580000000000000000e+02,3.770000000000000000e+02,1.000000000000000000e+00,2.675559082031250000e+02,5.109035339355468750e+02,0.000000000000000000e+00,-1.253837585449218750e+01,-4.160612487792968750e+01,0.000000000000000000e+00,3.470000000000000000e+02,3.790000000000000000e+02,1.000000000000000000e+00,3.503330993652343750e+02,4.993659667968750000e+02,0.000000000000000000e+00,-1.253837585449218750e+01,-4.160612487792968750e+01,0.000000000000000000e+00,2.780000000000000000e+02,8.900000000000000000e+01,1.000000000000000000e+00,3.060000000000000000e+02,8.900000000000000000e+01,1.000000000000000000e+00,2.660000000000000000e+02,1.030000000000000000e+02,1.000000000000000000e+00,3.270000000000000000e+02,9.700000000000000000e+01,1.000000000000000000e+00,-1.253837585449218750e+01,-4.160612487792968750e+01,0.000000000000000000e+00,-1.253837585449218750e+01,-4.160612487792968750e+01,0.000000000000000000e+00,-1.253837585449218750e+01,-4.160612487792968750e+01,0.000000000000000000e+00,-1.253837585449218750e+01,-4.160612487792968750e+01,0.000000000000000000e+00,-1.253837585449218750e+01,-4.160612487792968750e+01,0.000000000000000000e+00,-1.253837585449218750e+01,-4.160612487792968750e+01,0.000000000000000000e+00,5.434328359627377258e-01,2.061835298561918162e+00,2.217425169023665266e+00,2.681296092000214681e+00
2.910000000000000000e+02,1.010000000000000000e+02,1.000000000000000000e+00,3.060000000000000000e+02,1.810000000000000000e+02,1.000000000000000000e+00,2.480000000000000000e+02,1.840000000000000000e+02,1.000000000000000000e+00,2.000000000000000000e+02,2.860000000000000000e+02,1.000000000000000000e+00,2.680000000000000000e+02,2.500000000000000000e+02,1.000000000000000000e+00,3.640000000000000000e+02,1.780000000000000000e+02,1.000000000000000000e+00,4.610000000000000000e+02,2.200000000000000000e+02,1.000000000000000000e+00,5.510000000000000000e+02,1.690000000000000000e+02,1.000000000000000000e+00,3.000000000000000000e+02,3.770000000000000000e+02,1.000000000000000000e+00,2.580000000000000000e+02,3.770000000000000000e+02,1.000000000000000000e+00,2.675577697753906250e+02,5.116133728027343750e+02,0.000000000000000000e+00,-1.171141815185546875e+01,-4.146661376953125000e+01,0.000000000000000000e+00,3.470000000000000000e+02,3.790000000000000000e+02,1.000000000000000000e+00,3.504846191406250000e+02,5.005704956054687500e+02,0.000000000000000000e+00,-1.171141815185546875e+01,-4.146661376953125000e+01,0.000000000000000000e+00,2.780000000000000000e+02,8.900000000000000000e+01,1.000000000000000000e+00,3.060000000000000000e+02,8.900000000000000000e+01,1.000000000000000000e+00,2.660000000000000000e+02,1.030000000000000000e+02,1.000000000000000000e+00,3.270000000000000000e+02,9.700000000000000000e+01,1.000000000000000000e+00,-1.171141815185546875e+01,-4.146661376953125000e+01,0.000000000000000000e+00,-1.171141815185546875e+01,-4.146661376953125000e+01,0.000000000000000000e+00,-1.171141815185546875e+01,-4.146661376953125000e+01,0.000000000000000000e+00,-1.171141815185546875e+01,-4.146661376953125000e+01,0.000000000000000000e+00,-1.171141815185546875e+01,-4.146661376953125000e+01,0.000000000000000000e+00,-1.171141815185546875e+01,-4.146661376953125000e+01,0.000000000000000000e+00,6.440545121678912244e-01,2.062316994093062572e+00,2.217425169023665266e+00,2.681296092000214681e+00
2.910000000000000000e+02,1.010000000000000000e+02,1.000000000000000000e+00,3.060000000000000000e+02,1.810000000000000000e+02,1.000000000000000000e+00,2.480000000000000000e+02,1.840000000000000000e+02,1.000000000000000000e+00,1.950000000000000000e+02,2.700000000000000000e+02,1.000000000000000000e+00,2.480000000000000000e+02,2.800000000000000000e+02,1.000000000000000000e+00,3.640000000000000000e+02,1.780000000000000000e+02,1.000000000000000000e+00,4.610000000000000000e+02,2.200000000000000000e+02,1.000000000000000000e+00,5.510000000000000000e+02,1.690000000000000000e+02,1.000000000000000000e+00,3.020000000000000000e+02,3.770000000000000000e+02,1.000000000000000000e+00,2.570000000000000000e+02,3.770000000000000000e+02,1.000000000000000000e+00,2.675748291015625000e+02,5.105694580078125000e+02,0.000000000000000000e+00,-1.249836730957031250e+01,-4.249481201171875000e+01,0.000000000000000000e+00,3.470000000000000000e+02,3.790000000000000000e+02,1.000000000000000000e+00,3.507231140136718750e+02,5.101747131347656250e+02,0.000000000000000000e+00,-1.249836730957031250e+01,-4.249481201171875000e+01,0.000000000000000000e+00,2.780000000000000000e+02,8.900000000000000000e+01,1.000000000000000000e+00,3.060000000000000000e+02,8.900000000000000000e+01,1.000000000000000000e+00,2.660000000000000000e+02,1.030000000000000000e+02,1.000000000000000000e+00,3.270000000000000000e+02,9.700000000000000000e+01,1.000000000000000000e+00,-1.249836730957031250e+01,-4.249481201171875000e+01,0.000000000000000000e+00,-1.249836730957031250e+01,-4.249481201171875000e+01,0.000000000000000000e+00,-1.249836730957031250e+01,-4.249481201171875000e+01,0.000000000000000000e+00,-1.249836730957031250e+01,-4.249481201171875000e+01,0.000000000000000000e+00,-1.249836730957031250e+01,-4.249481201171875000e+01,0.000000000000000000e+00,-1.249836730957031250e+01,-4.249481201171875000e+01,0.000000000000000000e+00,1.204979737593869782e+00,2.174777902145570430e+00,2.217425169023665266e+00,2.681296092000214681e+00
2.920000000000000000e+02,1.020000000000000000e+02,1.000000000000000000e+00,3.060000000000000000e+02,1.810000000000000000e+02,1.000000000000000000e+00,2.490000000000000000e+02,1.840000000000000000e+02,1.000000000000000000e+00,1.970000000000000000e+02,2.710000000000000000e+02,1.000000000000000000e+00,2.010000000000000000e+02,2.800000000000000000e+02,1.000000000000000000e+00,3.640000000000000000e+02,1.780000000000000000e+02,1.000000000000000000e+00,4.610000000000000000e+02,2.200000000000000000e+02,1.000000000000000000e+00,5.510000000000000000e+02,1.690000000000000000e+02,1.000000000000000000e+00,3.000000000000000000e+02,3.780000000000000000e+02,1.000000000000000000e+00,2.580000000000000000e+02,3.770000000000000000e+02,1.000000000000000000e+00,2.676387023925781250e+02,5.106438293457031250e+02,0.000000000000000000e+00,-1.268840789794921875e+01,-4.187480163574218750e+01,0.000000000000000000e+00,3.460000000000000000e+02,3.790000000000000000e+02,1.000000000000000000e+00,3.507283630371093750e+02,5.105227661132812500e+02,0.000000000000000000e+00,-1.268840789794921875e+01,-4.187480163574218750e+01,0.000000000000000000e+00,2.780000000000000000e+02,9.000000000000000000e+01,1.000000000000000000e+00,3.060000000000000000e+02,8.900000000000000000e+01,1.000000000000000000e+00,2.660000000000000000e+02,1.040000000000000000e+02,1.000000000000000000e+00,3.270000000000000000e+02,9.700000000000000000e+01,1.000000000000000000e+00,-1.268840789794921875e+01,-4.187480163574218750e+01,0.000000000000000000e+00,-1.268840789794921875e+01,-4.187480163574218750e+01,0.000000000000000000e+00,-1.268840789794921875e+01,-4.187480163574218750e+01,0.000000000000000000e+00,-1.268840789794921875e+01,-4.187480163574218750e+01,0.000000000000000000e+00,-1.268840789794921875e+01,-4.187480163574218750e+01,0.000000000000000000e+00,-1.268840789794921875e+01,-4.187480163574218750e+01,0.000000000000000000e+00,2.184640869502518346e+00,2.162106842913884108e+00,2.217425169023665266e+00,2.681296092000214681e+00
2.930000000000000000e+02,1.020000000000000000e+02,1.000000000000000000e+00,3.060000000000000000e+02,1.810000000000000000e+02,1.000000000000000000e+00,2.500000000000000000e+02,1.850000000000000000e+02,1.000000000000000000e+00,1.990000000000000000e+02,2.730000000000000000e+02,1.000000000000000000e+00,2.680000000000000000e+02,3.240000000000000000e+02,1.000000000000000000e+00,3.640000000000000000e+02,1.780000000000000000e+02,1.000000000000000000e+00,4.610000000000000000e+02,2.200000000000000000e+02,1.000000000000000000e+00,5.510000000000000000e+02,1.690000000000000000e+02,1.000000000000000000e+00,3.020000000000000000e+02,3.640000000000000000e+02,1.000000000000000000e+00,2.600000000000000000e+02,3.640000000000000000e+02,1.000000000000000000e+00,2.676577148437500000e+02,5.105540771484375000e+02,0.000000000000000000e+00,-1.305815887451171875e+01,-4.214131164550781250e+01,0.000000000000000000e+00,3.460000000000000000e+02,3.640000000000000000e+02,1.000000000000000000e+00,3.507916259765625000e+02,5.115975341796875000e+02,0.000000000000000000e+00,-1.305815887451171875e+01,-4.214131164550781250e+01,0.000000000000000000e+00,2.790000000000000000e+02,9.000000000000000000e+01,1.000000000000000000e+00,3.070000000000000000e+02,8.900000000000000000e+01,1.000000000000000000e+00,2.660000000000000000e+02,1.050000000000000000e+02,1.000000000000000000e+00,3.270000000000000000e+02,9.700000000000000000e+01,1.000000000000000000e+00,-1.305815887451171875e+01,-4.214131164550781250e+01,0.000000000000000000e+00,-1.305815887451171875e+01,-4.214131164550781250e+01,0.000000000000000000e+00,-1.305815887451171875e+01,-4.214131164550781250e+01,0.000000000000000000e+00,-1.305815887451171875e+01,-4.214131164550781250e+01,0.000000000000000000e+00,-1.305815887451171875e+01,-4.214131164550781250e+01,0.000000000000000000e+00,-1.305815887451171875e+01,-4.214131164550781250e+01,0.000000000000000000e+00,1.682060942928642611e+00,2.167347391234391907e+00,2.217425169023665266e+00,2.681296092000214681e+00
2.950000000000000000e+02,1.020000000000000000e+02,1.000000000000000000e+00,3.070000000000000000e+02,1.810000000000000000e+02,1.000000000000000000e+00,2.510000000000000000e+02,1.860000000000000000e+02,1.000000000000000000e+00,1.990000000000000000e+02,2.750000000000000000e+02,1.000000000000000000e+00,2.640000000000000000e+02,3.290000000000000000e+02,1.000000000000000000e+00,3.640000000000000000e+02,1.780000000000000000e+02,1.000000000000000000e+00,4.610000000000000000e+02,2.190000000000000000e+02,1.000000000000000000e+00,5.510000000000000000e+02,1.680000000000000000e+02,1.000000000000000000e+00,2.980000000000000000e+02,3.670000000000000000e+02,1.000000000000000000e+00,2.620000000000000000e+02,3.660000000000000000e+02,1.000000000000000000e+00,2.677654418945312500e+02,5.099535827636718750e+02,0.000000000000000000e+00,-1.488650512695312500e+01,-4.294567871093750000e+01,0.000000000000000000e+00,3.460000000000000000e+02,3.670000000000000000e+02,1.000000000000000000e+00,3.507003479003906250e+02,5.117106933593750000e+02,0.000000000000000000e+00,-1.488650512695312500e+01,-4.294567871093750000e+01,0.000000000000000000e+00,2.810000000000000000e+02,9.000000000000000000e+01,1.000000000000000000e+00,3.080000000000000000e+02,8.900000000000000000e+01,1.000000000000000000e+00,2.660000000000000000e+02,1.050000000000000000e+02,1.000000000000000000e+00,3.280000000000000000e+02,9.700000000000000000e+01,1.000000000000000000e+00,-1.488650512695312500e+01,-4.294567871093750000e+01,0.000000000000000000e+00,-1.488650512695312500e+01,-4.294567871093750000e+01,0.000000000000000000e+00,-1.488650512695312500e+01,-4.294567871093750000e+01,0.000000000000000000e+00,-1.488650512695312500e+01,-4.294567871093750000e+01,0.000000000000000000e+00,-1.488650512695312500e+01,-4.294567871093750000e+01,0.000000000000000000e+00,-1.488650512695312500e+01,-4.294567871093750000e+01,0.000000000000000000e+00,1.735246680300691180e+00,2.188618681764586515e+00,2.226139349662695111e+00,2.689105295510732851e+00
2.970000000000000000e+02,1.010000000000000000e+02,1.000000000000000000e+00,3.070000000000000000e+02,1.810000000000000000e+02,1.000000000000000000e+00,2.510000000000000000e+02,1.860000000000000000e+02,1.000000000000000000e+00,1.970000000000000000e+02,2.730000000000000000e+02,1.000000000000000000e+00,2.570000000000000000e+02,3.190000000000000000e+02,1.000000000000000000e+00,3.640000000000000000e+02,1.780000000000000000e+02,1.000000000000000000e+00,4.610000000000000000e+02,2.180000000000000000e+02,1.000000000000000000e+00,5.510000000000000000e+02,1.670000000000000000e+02,1.000000000000000000e+00,3.020000000000000000e+02,3.760000000000000000e+02,1.000000000000000000e+00,2.600000000000000000e+02,3.740000000000000000e+02,1.000000000000000000e+00,2.681927185058593750e+02,5.096614074707031250e+02,0.000000000000000000e+00,-1.497253417968750000e+01,-4.306008911132812500e+01,0.000000000000000000e+00,3.470000000000000000e+02,3.720000000000000000e+02,1.000000000000000000e+00,3.509098205566406250e+02,5.104583129882812500e+02,0.000000000000000000e+00,-1.497253417968750000e+01,-4.306008911132812500e+01,0.000000000000000000e+00,2.830000000000000000e+02,8.900000000000000000e+01,1.000000000000000000e+00,3.100000000000000000e+02,8.800000000000000000e+01,1.000000000000000000e+00,2.660000000000000000e+02,1.040000000000000000e+02,1.000000000000000000e+00,3.290000000000000000e+02,9.600000000000000000e+01,1.000000000000000000e+00,-1.497253417968750000e+01,-4.306008911132812500e+01,0.000000000000000000e+00,-1.497253417968750000e+01,-4.306008911132812500e+01,0.000000000000000000e+00,-1.497253417968750000e+01,-4.306008911132812500e+01,0.000000000000000000e+00,-1.497253417968750000e+01,-4.306008911132812500e+01,0.000000000000000000e+00,-1.497253417968750000e+01,-4.306008911132812500e+01,0.000000000000000000e+00,-1.497253417968750000e+01,-4.306008911132812500e+01,0.000000000000000000e+00,1.669385315943713310e+00,2.215339644694938048e+00,2.234918199161785246e+00,2.697884145009822099e+00
2.990000000000000000e+02,1.000000000000000000e+02,1.000000000000000000e+00,3.070000000000000000e+02,1.810000000000000000e+02,1.000000000000000000e+00,2.500000000000000000e+02,1.850000000000000000e+02,1.000000000000000000e+00,1.910000000000000000e+02,2.700000000000000000e+02,1.000000000000000000e+00,2.530000000000000000e+02,3.020000000000000000e+02,1.000000000000000000e+00,3.640000000000000000e+02,1.780000000000000000e+02,1.000000000000000000e+00,4.620000000000000000e+02,2.170000000000000000e+02,1.000000000000000000e+00,5.520000000000000000e+02,1.650000000000000000e+02,1.000000000000000000e+00,2.980000000000000000e+02,3.750000000000000000e+02,1.000000000000000000e+00,2.600000000000000000e+02,3.780000000000000000e+02,1.000000000000000000e+00,2.685442504882812500e+02,5.101607666015625000e+02,0.000000000000000000e+00,-1.544744110107421875e+01,-4.698558044433593750e+01,0.000000000000000000e+00,3.470000000000000000e+02,3.750000000000000000e+02,1.000000000000000000e+00,3.512793884277343750e+02,5.100742492675781250e+02,0.000000000000000000e+00,-1.544744110107421875e+01,-4.698558044433593750e+01,0.000000000000000000e+00,2.840000000000000000e+02,8.800000000000000000e+01,1.000000000000000000e+00,3.110000000000000000e+02,8.700000000000000000e+01,1.000000000000000000e+00,2.660000000000000000e+02,1.030000000000000000e+02,1.000000000000000000e+00,3.300000000000000000e+02,9.600000000000000000e+01,1.000000000000000000e+00,-1.544744110107421875e+01,-4.698558044433593750e+01,0.000000000000000000e+00,-1.544744110107421875e+01,-4.698558044433593750e+01,0.000000000000000000e+00,-1.544744110107421875e+01,-4.698558044433593750e+01,0.000000000000000000e+00,-1.544744110107421875e+01,-4.698558044433593750e+01,0.000000000000000000e+00,-1.544744110107421875e+01,-4.698558044433593750e+01,0.000000000000000000e+00,-1.544744110107421875e+01,-4.698558044433593750e+01,0.000000000000000000e+00,1.440496589385104276e+00,2.247624066316851188e+00,2.238927490353510130e+00,2.710263776427767279e+00
3.000000000000000000e+02,1.000000000000000000e+02,1.000000000000000000e+00,3.070000000000000000e+02,1.800000000000000000e+02,1.000000000000000000e+00,2.490000000000000000e+02,1.840000000000000000e+02,1.000000000000000000e+00,1.880000000000000000e+02,2.630000000000000000e+02,1.000000000000000000e+00,2.480000000000000000e+02,2.830000000000000000e+02,1.000000000000000000e+00,3.640000000000000000e+02,1.770000000000000000e+02,1.000000000000000000e+00,4.630000000000000000e+02,2.160000000000000000e+02,1.000000000000000000e+00,5.520000000000000000e+02,1.630000000000000000e+02,1.000000000000000000e+00,2.980000000000000000e+02,3.760000000000000000e+02,1.000000000000000000e+00,2.560000000000000000e+02,3.780000000000000000e+02,1.000000000000000000e+00,2.691909484863281250e+02,5.102035217285156250e+02,0.000000000000000000e+00,-1.858272552490234375e+01,-5.087866210937500000e+01,0.000000000000000000e+00,3.460000000000000000e+02,3.770000000000000000e+02,1.000000000000000000e+00,3.516148986816406250e+02,5.095925292968750000e+02,0.000000000000000000e+00,-1.858272552490234375e+01,-5.087866210937500000e+01,0.000000000000000000e+00,2.850000000000000000e+02,8.700000000000000000e+01,1.000000000000000000e+00,3.120000000000000000e+02,8.700000000000000000e+01,1.000000000000000000e+00,2.660000000000000000e+02,1.030000000000000000e+02,1.000000000000000000e+00,3.300000000000000000e+02,9.600000000000000000e+01,1.000000000000000000e+00,-1.858272552490234375e+01,-5.087866210937500000e+01,0.000000000000000000e+00,-1.858272552490234375e+01,-5.087866210937500000e+01,0.000000000000000000e+00,-1.858272552490234375e+01,-5.087866210937500000e+01,0.000000000000000000e+00,-1.858272552490234375e+01,-5.087866210937500000e+01,0.000000000000000000e+00,-1.858272552490234375e+01,-5.087866210937500000e+01,0.000000000000000000e+00,-1.858272552490234375e+01,-5.087866210937500000e+01,0.000000000000000000e+00,1.235018636354090260e+00,2.297181060933389585e+00,2.229213576639455852e+00,2.713738769122894468e+00
3.010000000000000000e+02,1.000000000000000000e+02,1.000000000000000000e+00,3.090000000000000000e+02,1.810000000000000000e+02,1.000000000000000000e+00,2.480000000000000000e+02,1.830000000000000000e+02,1.000000000000000000e+00,1.850000000000000000e+02,2.660000000000000000e+02,1.000000000000000000e+00,2.440000000000000000e+02,2.620000000000000000e+02,1.000000000000000000e+00,3.660000000000000000e+02,1.750000000000000000e+02,1.000000000000000000e+00,4.630000000000000000e+02,2.150000000000000000e+02,1.000000000000000000e+00,5.500000000000000000e+02,1.640000000000000000e+02,1.000000000000000000e+00,2.990000000000000000e+02,3.760000000000000000e+02,1.000000000000000000e+00,2.590000000000000000e+02,3.760000000000000000e+02,1.000000000000000000e+00,2.693222045898437500e+02,5.101900024414062500e+02,0.000000000000000000e+00,-1.871674346923828125e+01,-5.075421142578125000e+01,0.000000000000000000e+00,3.470000000000000000e+02,3.770000000000000000e+02,1.000000000000000000e+00,3.519458923339843750e+02,5.094504089355468750e+02,0.000000000000000000e+00,-1.871674346923828125e+01,-5.075421142578125000e+01,0.000000000000000000e+00,2.860000000000000000e+02,8.700000000000000000e+01,1.000000000000000000e+00,3.120000000000000000e+02,8.700000000000000000e+01,1.000000000000000000e+00,2.660000000000000000e+02,1.030000000000000000e+02,1.000000000000000000e+00,3.300000000000000000e+02,9.600000000000000000e+01,1.000000000000000000e+00,-1.871674346923828125e+01,-5.075421142578125000e+01,0.000000000000000000e+00,-1.871674346923828125e+01,-5.075421142578125000e+01,0.000000000000000000e+00,-1.871674346923828125e+01,-5.075421142578125000e+01,0.000000000000000000e+00,-1.871674346923828125e+01,-5.075421142578125000e+01,0.000000000000000000e+00,-1.871674346923828125e+01,-5.075421142578125000e+01,0.000000000000000000e+00,-1.871674346923828125e+01,-5.075421142578125000e+01,0.000000000000000000e+00,8.538441015566203829e-01,2.252830673743280165e+00,2.220251433844134148e+00,2.645590267890530534e+00
3.020000000000000000e+02,1.000000000000000000e+02,1.000000000000000000e+00,3.090000000000000000e+02,1.800000000000000000e+02,1.000000000000000000e+00,2.480000000000000000e+02,1.820000000000000000e+02,1.000000000000000000e+00,1.850000000000000000e+02,2.780000000000000000e+02,1.000000000000000000e+00,2.430000000000000000e+02,2.420000000000000000e+02,1.000000000000000000e+00,3.660000000000000000e+02,1.740000000000000000e+02,1.000000000000000000e+00,4.630000000000000000e+02,2.140000000000000000e+02,1.000000000000000000e+00,5.460000000000000000e+02,1.650000000000000000e+02,1.000000000000000000e+00,3.010000000000000000e+02,3.760000000000000000e+02,1.000000000000000000e+00,2.590000000000000000e+02,3.760000000000000000e+02,1.000000000000000000e+00,2.697910156250000000e+02,5.105033874511718750e+02,0.000000000000000000e+00,-1.896833038330078125e+01,-5.415093231201171875e+01,0.000000000000000000e+00,3.470000000000000000e+02,3.770000000000000000e+02,1.000000000000000000e+00,3.521578979492187500e+02,5.095373840332031250e+02,0.000000000000000000e+00,-1.896833038330078125e+01,-5.415093231201171875e+01,0.000000000000000000e+00,2.860000000000000000e+02,8.700000000000000000e+01,1.000000000000000000e+00,3.130000000000000000e+02,8.700000000000000000e+01,1.000000000000000000e+00,2.660000000000000000e+02,1.030000000000000000e+02,1.000000000000000000e+00,3.300000000000000000e+02,9.600000000000000000e+01,1.000000000000000000e+00,-1.896833038330078125e+01,-5.415093231201171875e+01,0.000000000000000000e+00,-1.896833038330078125e+01,-5.415093231201171875e+01,0.000000000000000000e+00,-1.896833038330078125e+01,-5.415093231201171875e+01,0.000000000000000000e+00,-1.896833038330078125e+01,-5.415093231201171875e+01,0.000000000000000000e+00,-1.896833038330078125e+01,-5.415093231201171875e+01,0.000000000000000000e+00,-1.896833038330078125e+01,-5.415093231201171875e+01,0.000000000000000000e+00,4.345462379616826243e-01,2.184327824766642667e+00,2.217165023891389808e+00,2.645590267890530534e+00
3.010000000000000000e+02,1.010000000000000000e+02,1.000000000000000000e+00,3.090000000000000000e+02,1.800000000000000000e+02,1.000000000000000000e+00,2.480000000000000000e+02,1.820000000000000000e+02,1.000000000000000000e+00,1.860000000000000000e+02,2.780000000000000000e+02,1.000000000000000000e+00,1.870000000000000000e+02,2.660000000000000000e+02,1.000000000000000000e+00,3.660000000000000000e+02,1.740000000000000000e+02,1.000000000000000000e+00,4.630000000000000000e+02,2.140000000000000000e+02,1.000000000000000000e+00,5.420000000000000000e+02,1.660000000000000000e+02,1.000000000000000000e+00,3.010000000000000000e+02,3.760000000000000000e+02,1.000000000000000000e+00,2.590000000000000000e+02,3.760000000000000000e+02,1.000000000000000000e+00,2.698695678710937500e+02,5.103410949707031250e+02,0.000000000000000000e+00,-1.951673889160156250e+01,-5.474725341796875000e+01,0.000000000000000000e+00,3.480000000000000000e+02,3.770000000000000000e+02,1.000000000000000000e+00,3.523659667968750000e+02,5.089142150878906250e+02,0.000000000000000000e+00,-1.951673889160156250e+01,-5.474725341796875000e+01,0.000000000000000000e+00,2.850000000000000000e+02,8.800000000000000000e+01,1.000000000000000000e+00,3.130000000000000000e+02,8.700000000000000000e+01,1.000000000000000000e+00,2.660000000000000000e+02,1.030000000000000000e+02,1.000000000000000000e+00,3.300000000000000000e+02,9.600000000000000000e+01,1.000000000000000000e+00,-1.951673889160156250e+01,-5.474725341796875000e+01,0.000000000000000000e+00,-1.951673889160156250e+01,-5.474725341796875000e+01,0.000000000000000000e+00,-1.951673889160156250e+01,-5.474725341796875000e+01,0.000000000000000000e+00,-1.951673889160156250e+01,-5.474725341796875000e+01,0.000000000000000000e+00,-1.951673889160156250e+01,-5.474725341796875000e+01,0.000000000000000000e+00,-1.951673889160156250e+01,-5.474725341796875000e+01,0.000000000000000000e+00,4.902992942663877973e-01,2.177011997353801132e+00,2.204481901115026066e+00,2.645590267890530534e+00
3.020000000000000000e+02,1.010000000000000000e+02,1.000000000000000000e+00,3.090000000000000000e+02,1.800000000000000000e+02,1.000000000000000000e+00,2.480000000000000000e+02,1.820000000000000000e+02,1.000000000000000000e+00,1.930000000000000000e+02,2.860000000000000000e+02,1.000000000000000000e+00,1.880000000000000000e+02,2.680000000000000000e+02,1.000000000000000000e+00,3.660000000000000000e+02,1.740000000000000000e+02,1.000000000000000000e+00,4.630000000000000000e+02,2.140000000000000000e+02,1.000000000000000000e+00,5.400000000000000000e+02,1.680000000000000000e+02,1.000000000000000000e+00,3.010000000000000000e+02,3.760000000000000000e+02,1.000000000000000000e+00,2.620000000000000000e+02,3.760000000000000000e+02,1.000000000000000000e+00,2.698602294921875000e+02,5.112532043457031250e+02,0.000000000000000000e+00,-1.994497680664062500e+01,-5.468533325195312500e+01,0.000000000000000000e+00,3.480000000000000000e+02,3.770000000000000000e+02,1.000000000000000000e+00,3.522187500000000000e+02,5.092539062500000000e+02,0.000000000000000000e+00,-1.994497680664062500e+01,-5.468533325195312500e+01,0.000000000000000000e+00,2.860000000000000000e+02,8.800000000000000000e+01,1.000000000000000000e+00,3.140000000000000000e+02,8.700000000000000000e+01,1.000000000000000000e+00,2.660000000000000000e+02,1.030000000000000000e+02,1.000000000000000000e+00,3.300000000000000000e+02,9.600000000000000000e+01,1.000000000000000000e+00,-1.994497680664062500e+01,-5.468533325195312500e+01,0.000000000000000000e+00,-1.994497680664062500e+01,-5.468533325195312500e+01,0.000000000000000000e+00,-1.994497680664062500e+01,-5.468533325195312500e+01,0.000000000000000000e+00,-1.994497680664062500e+01,-5.468533325195312500e+01,0.000000000000000000e+00,-1.994497680664062500e+01,-5.468533325195312500e+01,0.000000000000000000e+00,-1.994497680664062500e+01,-5.468533325195312500e+01,0.000000000000000000e+00,7.574041908837105819e-01,2.090028811744262249e+00,2.211959749909191419e+00,2.645590267890530534e+00
3.030000000000000000e+02,1.020000000000000000e+02,1.000000000000000000e+00,3.090000000000000000e+02,1.800000000000000000e+02,1.000000000000000000e+00,2.480000000000000000e+02,1.810000000000000000e+02,1.000000000000000000e+00,1.940000000000000000e+02,2.900000000000000000e+02,1.000000000000000000e+00,2.300000000000000000e+02,2.220000000000000000e+02,1.000000000000000000e+00,3.660000000000000000e+02,1.740000000000000000e+02,1.000000000000000000e+00,4.630000000000000000e+02,2.140000000000000000e+02,1.000000000000000000e+00,5.400000000000000000e+02,1.690000000000000000e+02,1.000000000000000000e+00,3.010000000000000000e+02,3.760000000000000000e+02,1.000000000000000000e+00,2.620000000000000000e+02,3.760000000000000000e+02,1.000000000000000000e+00,2.699703979492187500e+02,5.128128662109375000e+02,0.000000000000000000e+00,-2.064923095703125000e+01,-5.560118103027343750e+01,0.000000000000000000e+00,3.480000000000000000e+02,3.770000000000000000e+02,1.000000000000000000e+00,3.523766174316406250e+02,5.099717407226562500e+02,0.000000000000000000e+00,-2.064923095703125000e+01,-5.560118103027343750e+01,0.000000000000000000e+00,2.870000000000000000e+02,8.800000000000000000e+01,1.000000000000000000e+00,3.140000000000000000e+02,8.700000000000000000e+01,1.000000000000000000e+00,2.660000000000000000e+02,1.030000000000000000e+02,1.000000000000000000e+00,3.300000000000000000e+02,9.600000000000000000e+01,1.000000000000000000e+00,-2.064923095703125000e+01,-5.560118103027343750e+01,0.000000000000000000e+00,-2.064923095703125000e+01,-5.560118103027343750e+01,0.000000000000000000e+00,-2.064923095703125000e+01,-5.560118103027343750e+01,0.000000000000000000e+00,-2.064923095703125000e+01,-5.560118103027343750e+01,0.000000000000000000e+00,-2.064923095703125000e+01,-5.560118103027343750e+01,0.000000000000000000e+00,-2.064923095703125000e+01,-5.560118103027343750e+01,0.000000000000000000e+00,2.692807683456912779e-02,2.047159456079598261e+00,2.221585655867639453e+00,2.645590267890530534e+00
3.040000000000000000e+02,1.020000000000000000e+02,1.000000000000000000e+00,3.090000000000000000e+02,1.800000000000000000e+02,1.000000000000000000e+00,2.460000000000000000e+02,1.800000000000000000e+02,1.000000000000000000e+00,1.990000000000000000e+02,2.930000000000000000e+02,1.000000000000000000e+00,2.300000000000000000e+02,2.230000000000000000e+02,1.000000000000000000e+00,3.660000000000000000e+02,1.740000000000000000e+02,1.000000000000000000e+00,4.620000000000000000e+02,2.150000000000000000e+02,1.000000000000000000e+00,5.410000000000000000e+02,1.680000000000000000e+02,1.000000000000000000e+00,3.010000000000000000e+02,3.760000000000000000e+02,1.000000000000000000e+00,2.640000000000000000e+02,3.770000000000000000e+02,1.000000000000000000e+00,2.699785766601562500e+02,5.138714599609375000e+02,0.000000000000000000e+00,-2.036047363281250000e+01,-5.499752807617187500e+01,0.000000000000000000e+00,3.470000000000000000e+02,3.770000000000000000e+02,1.000000000000000000e+00,3.521186828613281250e+02,5.107781677246093750e+02,0.000000000000000000e+00,-2.036047363281250000e+01,-5.499752807617187500e+01,0.000000000000000000e+00,2.880000000000000000e+02,8.800000000000000000e+01,1.000000000000000000e+00,3.150000000000000000e+02,8.700000000000000000e+01,1.000000000000000000e+00,2.660000000000000000e+02,1.030000000000000000e+02,1.000000000000000000e+00,3.300000000000000000e+02,9.600000000000000000e+01,1.000000000000000000e+00,-2.036047363281250000e+01,-5.499752807617187500e+01,0.000000000000000000e+00,-2.036047363281250000e+01,-5.499752807617187500e+01,0.000000000000000000e+00,-2.036047363281250000e+01,-5.499752807617187500e+01,0.000000000000000000e+00,-2.036047363281250000e+01,-5.499752807617187500e+01,0.000000000000000000e+00,-2.036047363281250000e+01,-5.499752807617187500e+01,0.000000000000000000e+00,-2.036047363281250000e+01,-5.499752807617187500e+01,0.000000000000000000e+00,2.273548613961319520e-02,1.964958911065170843e+00,2.201270553972602073e+00,2.633081789546293905e+00
3.050000000000000000e+02,1.020000000000000000e+02,1.000000000000000000e+00,3.090000000000000000e+02,1.800000000000000000e+02,1.000000000000000000e+00,2.420000000000000000e+02,1.830000000000000000e+02,1.000000000000000000e+00,2.050000000000000000e+02,2.980000000000000000e+02,1.000000000000000000e+00,2.330000000000000000e+02,2.300000000000000000e+02,1.000000000000000000e+00,3.660000000000000000e+02,1.740000000000000000e+02,1.000000000000000000e+00,4.620000000000000000e+02,2.160000000000000000e+02,1.000000000000000000e+00,5.410000000000000000e+02,1.690000000000000000e+02,1.000000000000000000e+00,3.010000000000000000e+02,3.760000000000000000e+02,1.000000000000000000e+00,2.580000000000000000e+02,3.800000000000000000e+02,1.000000000000000000e+00,2.698471679687500000e+02,5.151430664062500000e+02,0.000000000000000000e+00,-2.009165954589843750e+01,-5.473426818847656250e+01,0.000000000000000000e+00,3.480000000000000000e+02,3.770000000000000000e+02,1.000000000000000000e+00,3.520593566894531250e+02,5.106252136230468750e+02,0.000000000000000000e+00,-2.009165954589843750e+01,-5.473426818847656250e+01,0.000000000000000000e+00,2.890000000000000000e+02,8.800000000000000000e+01,1.000000000000000000e+00,3.160000000000000000e+02,8.800000000000000000e+01,1.000000000000000000e+00,2.670000000000000000e+02,1.030000000000000000e+02,1.000000000000000000e+00,3.310000000000000000e+02,9.700000000000000000e+01,1.000000000000000000e+00,-2.009165954589843750e+01,-5.473426818847656250e+01,0.000000000000000000e+00,-2.009165954589843750e+01,-5.473426818847656250e+01,0.000000000000000000e+00,-2.009165954589843750e+01,-5.473426818847656250e+01,0.000000000000000000e+00,-2.009165954589843750e+01,-5.473426818847656250e+01,0.000000000000000000e+00,-2.009165954589843750e+01,-5.473426818847656250e+01,0.000000000000000000e+00,-2.009165954589843750e+01,-5.473426818847656250e+01,0.000000000000000000e+00,7.932731080574113858e-02,1.926822291141457644e+00,2.192494037688480280e+00,2.624305273262171667e+00
3.060000000000000000e+02,1.020000000000000000e+02,1.000000000000000000e+00,3.090000000000000000e+02,1.800000000000000000e+02,1.000000000000000000e+00,2.460000000000000000e+02,1.830000000000000000e+02,1.000000000000000000e+00,2.100000000000000000e+02,3.020000000000000000e+02,1.000000000000000000e+00,2.380000000000000000e+02,2.360000000000000000e+02,1.000000000000000000e+00,3.660000000000000000e+02,1.740000000000000000e+02,1.000000000000000000e+00,4.610000000000000000e+02,2.170000000000000000e+02,1.000000000000000000e+00,5.410000000000000000e+02,1.700000000000000000e+02,1.000000000000000000e+00,3.010000000000000000e+02,3.760000000000000000e+02,1.000000000000000000e+00,2.610000000000000000e+02,3.800000000000000000e+02,1.000000000000000000e+00,2.698252563476562500e+02,5.149429931640625000e+02,0.000000000000000000e+00,-2.027755737304687500e+01,-5.454675292968750000e+01,0.000000000000000000e+00,3.470000000000000000e+02,3.770000000000000000e+02,1.000000000000000000e+00,3.518359680175781250e+02,5.104974670410156250e+02,0.000000000000000000e+00,-2.027755737304687500e+01,-5.454675292968750000e+01,0.000000000000000000e+00,2.900000000000000000e+02,8.800000000000000000e+01,1.000000000000000000e+00,3.170000000000000000e+02,8.800000000000000000e+01,1.000000000000000000e+00,2.670000000000000000e+02,1.030000000000000000e+02,1.000000000000000000e+00,3.320000000000000000e+02,9.800000000000000000e+01,1.000000000000000000e+00,-2.027755737304687500e+01,-5.454675292968750000e+01,0.000000000000000000e+00,-2.027755737304687500e+01,-5.454675292968750000e+01,0.000000000000000000e+00,-2.027755737304687500e+01,-5.454675292968750000e+01,0.000000000000000000e+00,-2.027755737304687500e+01,-5.454675292968750000e+01,0.000000000000000000e+00,-2.027755737304687500e+01,-5.454675292968750000e+01,0.000000000000000000e+00,-2.027755737304687500e+01,-5.454675292968750000e+01,0.000000000000000000e+00,1.074607605684683859e-01,1.912147468508259784e+00,2.185374841491373399e+00,2.611675521986904336e+00
3.060000000000000000e+02,1.020000000000000000e+02,1.000000000000000000e+00,3.090000000000000000e+02,1.800000000000000000e+02,1.000000000000000000e+00,2.490000000000000000e+02,1.840000000000000000e+02,1.000000000000000000e+00,2.130000000000000000e+02,3.010000000000000000e+02,1.000000000000000000e+00,2.580000000000000000e+02,2.420000000000000000e+02,1.000000000000000000e+00,3.660000000000000000e+02,1.740000000000000000e+02,1.000000000000000000e+00,4.610000000000000000e+02,2.180000000000000000e+02,1.000000000000000000e+00,5.410000000000000000e+02,1.710000000000000000e+02,1.000000000000000000e+00,3.010000000000000000e+02,3.760000000000000000e+02,1.000000000000000000e+00,2.620000000000000000e+02,3.800000000000000000e+02,1.000000000000000000e+00,2.696322021484375000e+02,5.165781250000000000e+02,0.000000000000000000e+00,-1.958464050292968750e+01,-5.465254211425781250e+01,0.000000000000000000e+00,3.470000000000000000e+02,3.770000000000000000e+02,1.000000000000000000e+00,3.519553222656250000e+02,5.107301330566406250e+02,0.000000000000000000e+00,-1.958464050292968750e+01,-5.465254211425781250e+01,0.000000000000000000e+00,2.910000000000000000e+02,8.800000000000000000e+01,1.000000000000000000e+00,3.170000000000000000e+02,8.800000000000000000e+01,1.000000000000000000e+00,2.680000000000000000e+02,1.030000000000000000e+02,1.000000000000000000e+00,3.320000000000000000e+02,9.800000000000000000e+01,1.000000000000000000e+00,-1.958464050292968750e+01,-5.465254211425781250e+01,0.000000000000000000e+00,-1.958464050292968750e+01,-5.465254211425781250e+01,0.000000000000000000e+00,-1.958464050292968750e+01,-5.465254211425781250e+01,0.000000000000000000e+00,-1.958464050292968750e+01,-5.465254211425781250e+01,0.000000000000000000e+00,-1.958464050292968750e+01,-5.465254211425781250e+01,0.000000000000000000e+00,-1.958464050292968750e+01,-5.465254211425781250e+01,0.000000000000000000e+00,3.530882543366782866e-01,1.935863422156899771e+00,2.176673036769985359e+00,2.602973717265516296e+00
3.060000000000000000e+02,1.020000000000000000e+02,1.000000000000000000e+00,3.090000000000000000e+02,1.800000000000000000e+02,1.000000000000000000e+00,2.500000000000000000e+02,1.840000000000000000e+02,1.000000000000000000e+00,2.070000000000000000e+02,2.960000000000000000e+02,1.000000000000000000e+00,2.520000000000000000e+02,2.740000000000000000e+02,1.000000000000000000e+00,3.660000000000000000e+02,1.740000000000000000e+02,1.000000000000000000e+00,4.610000000000000000e+02,2.190000000000000000e+02,1.000000000000000000e+00,5.420000000000000000e+02,1.720000000000000000e+02,1.000000000000000000e+00,3.000000000000000000e+02,3.760000000000000000e+02,1.000000000000000000e+00,2.610000000000000000e+02,3.800000000000000000e+02,1.000000000000000000e+00,2.695676269531250000e+02,5.172390136718750000e+02,0.000000000000000000e+00,-1.928271484375000000e+01,-5.448039245605468750e+01,0.000000000000000000e+00,3.470000000000000000e+02,3.770000000000000000e+02,1.000000000000000000e+00,3.517360229492187500e+02,5.115719604492187500e+02,0.000000000000000000e+00,-1.928271484375000000e+01,-5.448039245605468750e+01,0.000000000000000000e+00,2.910000000000000000e+02,8.800000000000000000e+01,1.000000000000000000e+00,3.170000000000000000e+02,8.800000000000000000e+01,1.000000000000000000e+00,2.680000000000000000e+02,1.030000000000000000e+02,1.000000000000000000e+00,3.320000000000000000e+02,9.900000000000000000e+01,1.000000000000000000e+00,-1.928271484375000000e+01,-5.448039245605468750e+01,0.000000000000000000e+00,-1.928271484375000000e+01,-5.448039245605468750e+01,0.000000000000000000e+00,-1.928271484375000000e+01,-5.448039245605468750e+01,0.000000000000000000e+00,-1.928271484375000000e+01,-5.448039245605468750e+01,0.000000000000000000e+00,-1.928271484375000000e+01,-5.448039245605468750e+01,0.000000000000000000e+00,-1.928271484375000000e+01,-5.448039245605468750e+01,0.000000000000000000e+00,7.495016621297484471e-01,2.005064739333044077e+00,2.173449896623857569e+00,2.594341491882814488e+00
3.060000000000000000e+02,1.020000000000000000e+02,1.000000000000000000e+00,3.090000000000000000e+02,1.800000000000000000e+02,1.000000000000000000e+00,2.500000000000000000e+02,1.840000000000000000e+02,1.000000000000000000e+00,2.020000000000000000e+02,2.840000000000000000e+02,1.000000000000000000e+00,2.520000000000000000e+02,2.980000000000000000e+02,1.000000000000000000e+00,3.660000000000000000e+02,1.740000000000000000e+02,1.000000000000000000e+00,4.610000000000000000e+02,2.190000000000000000e+02,1.000000000000000000e+00,5.450000000000000000e+02,1.710000000000000000e+02,1.000000000000000000e+00,3.000000000000000000e+02,3.760000000000000000e+02,1.000000000000000000e+00,2.590000000000000000e+02,3.800000000000000000e+02,1.000000000000000000e+00,2.694421386718750000e+02,5.172460937500000000e+02,0.000000000000000000e+00,-1.977825927734375000e+01,-5.383750915527343750e+01,0.000000000000000000e+00,3.470000000000000000e+02,3.800000000000000000e+02,1.000000000000000000e+00,3.518998413085937500e+02,5.118384704589843750e+02,0.000000000000000000e+00,-1.977825927734375000e+01,-5.383750915527343750e+01,0.000000000000000000e+00,2.910000000000000000e+02,8.800000000000000000e+01,1.000000000000000000e+00,3.170000000000000000e+02,8.800000000000000000e+01,1.000000000000000000e+00,2.680000000000000000e+02,1.030000000000000000e+02,1.000000000000000000e+00,3.320000000000000000e+02,9.900000000000000000e+01,1.000000000000000000e+00,-1.977825927734375000e+01,-5.383750915527343750e+01,0.000000000000000000e+00,-1.977825927734375000e+01,-5.383750915527343750e+01,0.000000000000000000e+00,-1.977825927734375000e+01,-5.383750915527343750e+01,0.000000000000000000e+00,-1.977825927734375000e+01,-5.383750915527343750e+01,0.000000000000000000e+00,-1.977825927734375000e+01,-5.383750915527343750e+01,0.000000000000000000e+00,-1.977825927734375000e+01,-5.383750915527343750e+01,0.000000000000000000e+00,1.396285054724437424e+00,2.086009324646035168e+00,2.180072316366525431e+00,2.594341491882814488e+00
3.060000000000000000e+02,1.020000000000000000e+02,1.000000000000000000e+00,3.090000000000000000e+02,1.800000000000000000e+02,1.000000000000000000e+00,2.500000000000000000e+02,1.840000000000000000e+02,1.000000000000000000e+00,2.030000000000000000e+02,2.840000000000000000e+02,1.000000000000000000e+00,2.640000000000000000e+02,3.120000000000000000e+02,1.000000000000000000e+00,3.660000000000000000e+02,1.740000000000000000e+02,1.000000000000000000e+00,4.610000000000000000e+02,2.190000000000000000e+02,1.000000000000000000e+00,5.490000000000000000e+02,1.700000000000000000e+02,1.000000000000000000e+00,3.000000000000000000e+02,3.800000000000000000e+02,1.000000000000000000e+00,2.580000000000000000e+02,3.800000000000000000e+02,1.000000000000000000e+00,2.694292297363281250e+02,5.176132812500000000e+02,0.000000000000000000e+00,-1.915395355224609375e+01,-6.595629119873046875e+01,0.000000000000000000e+00,3.450000000000000000e+02,3.800000000000000000e+02,1.000000000000000000e+00,3.519121704101562500e+02,5.113743591308593750e+02,0.000000000000000000e+00,-1.915395355224609375e+01,-6.595629119873046875e+01,0.000000000000000000e+00,2.910000000000000000e+02,8.800000000000000000e+01,1.000000000000000000e+00,3.170000000000000000e+02,8.800000000000000000e+01,1.000000000000000000e+00,2.680000000000000000e+02,1.030000000000000000e+02,1.000000000000000000e+00,3.320000000000000000e+02,9.900000000000000000e+01,1.000000000000000000e+00,-1.915395355224609375e+01,-6.595629119873046875e+01,0.000000000000000000e+00,-1.915395355224609375e+01,-6.595629119873046875e+01,0.000000000000000000e+00,-1.915395355224609375e+01,-6.595629119873046875e+01,0.000000000000000000e+00,-1.915395355224609375e+01,-6.595629119873046875e+01,0.000000000000000000e+00,-1.915395355224609375e+01,-6.595629119873046875e+01,0.000000000000000000e+00,-1.915395355224609375e+01,-6.595629119873046875e+01,0.000000000000000000e+00,1.561762052632864162e+00,2.077850236773456594e+00,2.191155606365331465e+00,2.594341491882814488e+00
3.060000000000000000e+02,1.020000000000000000e+02,1.000000000000000000e+00,3.090000000000000000e+02,1.800000000000000000e+02,1.000000000000000000e+00,2.510000000000000000e+02,1.840000000000000000e+02,1.000000000000000000e+00,2.050000000000000000e+02,2.830000000000000000e+02,1.000000000000000000e+00,2.680000000000000000e+02,3.200000000000000000e+02,1.000000000000000000e+00,3.660000000000000000e+02,1.740000000000000000e+02,1.000000000000000000e+00,4.610000000000000000e+02,2.190000000000000000e+02,1.000000000000000000e+00,5.500000000000000000e+02,1.710000000000000000e+02,1.000000000000000000e+00,3.040000000000000000e+02,3.740000000000000000e+02,1.000000000000000000e+00,2.620000000000000000e+02,3.740000000000000000e+02,1.000000000000000000e+00,2.693904724121093750e+02,5.186894531250000000e+02,0.000000000000000000e+00,-1.910121154785156250e+01,-6.609939575195312500e+01,0.000000000000000000e+00,3.440000000000000000e+02,3.770000000000000000e+02,1.000000000000000000e+00,3.516068115234375000e+02,5.127910766601562500e+02,0.000000000000000000e+00,-1.910121154785156250e+01,-6.609939575195312500e+01,0.000000000000000000e+00,2.910000000000000000e+02,8.800000000000000000e+01,1.000000000000000000e+00,3.170000000000000000e+02,8.800000000000000000e+01,1.000000000000000000e+00,2.680000000000000000e+02,1.030000000000000000e+02,1.000000000000000000e+00,3.320000000000000000e+02,9.900000000000000000e+01,1.000000000000000000e+00,-1.910121154785156250e+01,-6.609939575195312500e+01,0.000000000000000000e+00,-1.910121154785156250e+01,-6.609939575195312500e+01,0.000000000000000000e+00,-1.910121154785156250e+01,-6.609939575195312500e+01,0.000000000000000000e+00,-1.910121154785156250e+01,-6.609939575195312500e+01,0.000000000000000000e+00,-1.910121154785156250e+01,-6.609939575195312500e+01,0.000000000000000000e+00,-1.910121154785156250e+01,-6.609939575195312500e+01,0.000000000000000000e+00,1.666859480593499088e+00,2.074619767141521187e+00,2.204607269429261329e+00,2.594341491882814488e+00
3.060000000000000000e+02,1.010000000000000000e+02,1.000000000000000000e+00,3.090000000000000000e+02,1.800000000000000000e+02,1.000000000000000000e+00,2.520000000000000000e+02,1.840000000000000000e+02,1.000000000000000000e+00,2.060000000000000000e+02,2.820000000000000000e+02,1.000000000000000000e+00,2.660000000000000000e+02,3.190000000000000000e+02,1.000000000000000000e+00,3.660000000000000000e+02,1.740000000000000000e+02,1.000000000000000000e+00,4.610000000000000000e+02,2.190000000000000000e+02,1.000000000000000000e+00,5.500000000000000000e+02,1.710000000000000000e+02,1.000000000000000000e+00,3.040000000000000000e+02,3.800000000000000000e+02,1.000000000000000000e+00,2.600000000000000000e+02,3.800000000000000000e+02,1.000000000000000000e+00,2.694306030273437500e+02,5.188239746093750000e+02,0.000000000000000000e+00,-1.909581184387207031e+01,-6.586697387695312500e+01,0.000000000000000000e+00,3.440000000000000000e+02,3.800000000000000000e+02,1.000000000000000000e+00,3.515215454101562500e+02,5.122977294921875000e+02,0.000000000000000000e+00,-1.909581184387207031e+01,-6.586697387695312500e+01,0.000000000000000000e+00,2.910000000000000000e+02,8.700000000000000000e+01,1.000000000000000000e+00,3.170000000000000000e+02,8.700000000000000000e+01,1.000000000000000000e+00,2.680000000000000000e+02,1.020000000000000000e+02,1.000000000000000000e+00,3.320000000000000000e+02,9.800000000000000000e+01,1.000000000000000000e+00,-1.909581184387207031e+01,-6.586697387695312500e+01,0.000000000000000000e+00,-1.909581184387207031e+01,-6.586697387695312500e+01,0.000000000000000000e+00,-1.909581184387207031e+01,-6.586697387695312500e+01,0.000000000000000000e+00,-1.909581184387207031e+01,-6.586697387695312500e+01,0.000000000000000000e+00,-1.909581184387207031e+01,-6.586697387695312500e+01,0.000000000000000000e+00,-1.909581184387207031e+01,-6.586697387695312500e+01,0.000000000000000000e+00,1.684521378122104229e+00,2.079716208396858335e+00,2.204607269429261329e+00,2.594341491882814488e+00
3.060000000000000000e+02,1.000000000000000000e+02,1.000000000000000000e+00,3.090000000000000000e+02,1.800000000000000000e+02,1.000000000000000000e+00,2.520000000000000000e+02,1.840000000000000000e+02,1.000000000000000000e+00,2.040000000000000000e+02,2.780000000000000000e+02,1.000000000000000000e+00,2.630000000000000000e+02,3.080000000000000000e+02,1.000000000000000000e+00,3.660000000000000000e+02,1.740000000000000000e+02,1.000000000000000000e+00,4.620000000000000000e+02,2.190000000000000000e+02,1.000000000000000000e+00,5.510000000000000000e+02,1.710000000000000000e+02,1.000000000000000000e+00,3.020000000000000000e+02,3.840000000000000000e+02,1.000000000000000000e+00,2.620000000000000000e+02,3.860000000000000000e+02,1.000000000000000000e+00,2.693665771484375000e+02,5.186068725585937500e+02,0.000000000000000000e+00,-1.962898254394531250e+01,-6.591117858886718750e+01,0.000000000000000000e+00,3.440000000000000000e+02,3.800000000000000000e+02,1.000000000000000000e+00,3.519592590332031250e+02,5.109657287597656250e+02,0.000000000000000000e+00,-1.962898254394531250e+01,-6.591117858886718750e+01,0.000000000000000000e+00,2.910000000000000000e+02,8.600000000000000000e+01,1.000000000000000000e+00,3.170000000000000000e+02,8.600000000000000000e+01,1.000000000000000000e+00,2.700000000000000000e+02,1.010000000000000000e+02,1.000000000000000000e+00,3.320000000000000000e+02,9.700000000000000000e+01,1.000000000000000000e+00,-1.962898254394531250e+01,-6.591117858886718750e+01,0.000000000000000000e+00,-1.962898254394531250e+01,-6.591117858886718750e+01,0.000000000000000000e+00,-1.962898254394531250e+01,-6.591117858886718750e+01,0.000000000000000000e+00,-1.962898254394531250e+01,-6.591117858886718750e+01,0.000000000000000000e+00,-1.962898254394531250e+01,-6.591117858886718750e+01,0.000000000000000000e+00,-1.962898254394531250e+01,-6.591117858886718750e+01,0.000000000000000000e+00,1.569078607327711206e+00,2.112978891837128614e+00,2.208644932548048168e+00,2.598379155001601770e+00
3.060000000000000000e+02,9.900000000000000000e+01,1.000000000000000000e+00,3.090000000000000000e+02,1.800000000000000000e+02,1.000000000000000000e+00,2.520000000000000000e+02,1.830000000000000000e+02,1.000000000000000000e+00,2.000000000000000000e+02,2.720000000000000000e+02,1.000000000000000000e+00,2.610000000000000000e+02,2.940000000000000000e+02,1.000000000000000000e+00,3.660000000000000000e+02,1.740000000000000000e+02,1.000000000000000000e+00,4.620000000000000000e+02,2.190000000000000000e+02,1.000000000000000000e+00,5.510000000000000000e+02,1.710000000000000000e+02,1.000000000000000000e+00,3.040000000000000000e+02,3.780000000000000000e+02,1.000000000000000000e+00,2.630000000000000000e+02,3.820000000000000000e+02,1.000000000000000000e+00,2.699020385742187500e+02,5.182182006835937500e+02,0.000000000000000000e+00,-1.940657043457031250e+01,-6.579981994628906250e+01,0.000000000000000000e+00,3.450000000000000000e+02,3.800000000000000000e+02,1.000000000000000000e+00,3.518439941406250000e+02,5.115968017578125000e+02,0.000000000000000000e+00,-1.940657043457031250e+01,-6.579981994628906250e+01,0.000000000000000000e+00,2.910000000000000000e+02,8.500000000000000000e+01,1.000000000000000000e+00,3.170000000000000000e+02,8.500000000000000000e+01,1.000000000000000000e+00,2.700000000000000000e+02,1.000000000000000000e+02,1.000000000000000000e+00,3.320000000000000000e+02,9.600000000000000000e+01,1.000000000000000000e+00,-1.940657043457031250e+01,-6.579981994628906250e+01,0.000000000000000000e+00,-1.940657043457031250e+01,-6.579981994628906250e+01,0.000000000000000000e+00,-1.940657043457031250e+01,-6.579981994628906250e+01,0.000000000000000000e+00,-1.940657043457031250e+01,-6.579981994628906250e+01,0.000000000000000000e+00,-1.940657043457031250e+01,-6.579981994628906250e+01,0.000000000000000000e+00,-1.940657043457031250e+01,-6.579981994628906250e+01,0.000000000000000000e+00,1.388159518029065342e+00,2.152152160741030329e+00,2.208644932548048168e+00,2.598379155001601770e+00
3.060000000000000000e+02,9.800000000000000000e+01,1.000000000000000000e+00,3.090000000000000000e+02,1.800000000000000000e+02,1.000000000000000000e+00,2.490000000000000000e+02,1.830000000000000000e+02,1.000000000000000000e+00,1.970000000000000000e+02,2.670000000000000000e+02,1.000000000000000000e+00,2.620000000000000000e+02,2.760000000000000000e+02,1.000000000000000000e+00,3.660000000000000000e+02,1.740000000000000000e+02,1.000000000000000000e+00,4.620000000000000000e+02,2.180000000000000000e+02,1.000000000000000000e+00,5.510000000000000000e+02,1.700000000000000000e+02,1.000000000000000000e+00,3.040000000000000000e+02,3.760000000000000000e+02,1.000000000000000000e+00,2.620000000000000000e+02,3.740000000000000000e+02,1.000000000000000000e+00,2.698029785156250000e+02,5.178204345703125000e+02,0.000000000000000000e+00,-1.977256774902343750e+01,-6.640551757812500000e+01,0.000000000000000000e+00,3.470000000000000000e+02,3.770000000000000000e+02,1.000000000000000000e+00,3.518258056640625000e+02,5.110513000488281250e+02,0.000000000000000000e+00,-1.977256774902343750e+01,-6.640551757812500000e+01,0.000000000000000000e+00,2.910000000000000000e+02,8.400000000000000000e+01,1.000000000000000000e+00,3.170000000000000000e+02,8.400000000000000000e+01,1.000000000000000000e+00,2.700000000000000000e+02,9.900000000000000000e+01,1.000000000000000000e+00,3.320000000000000000e+02,9.500000000000000000e+01,1.000000000000000000e+00,-1.977256774902343750e+01,-6.640551757812500000e+01,0.000000000000000000e+00,-1.977256774902343750e+01,-6.640551757812500000e+01,0.000000000000000000e+00,-1.977256774902343750e+01,-6.640551757812500000e+01,0.000000000000000000e+00,-1.977256774902343750e+01,-6.640551757812500000e+01,0.000000000000000000e+00,-1.977256774902343750e+01,-6.640551757812500000e+01,0.000000000000000000e+00,-1.977256774902343750e+01,-6.640551757812500000e+01,0.000000000000000000e+00,1.154075567063695296e+00,2.175062218718390561e+00,2.217219213309317816e+00,2.606953435762870974e+00
3.060000000000000000e+02,9.700000000000000000e+01,1.000000000000000000e+00,3.090000000000000000e+02,1.800000000000000000e+02,1.000000000000000000e+00,2.490000000000000000e+02,1.820000000000000000e+02,1.000000000000000000e+00,1.910000000000000000e+02,2.760000000000000000e+02,1.000000000000000000e+00,2.580000000000000000e+02,2.560000000000000000e+02,1.000000000000000000e+00,3.660000000000000000e+02,1.740000000000000000e+02,1.000000000000000000e+00,4.650000000000000000e+02,2.160000000000000000e+02,1.000000000000000000e+00,5.510000000000000000e+02,1.690000000000000000e+02,1.000000000000000000e+00,3.030000000000000000e+02,3.780000000000000000e+02,1.000000000000000000e+00,2.590000000000000000e+02,3.780000000000000000e+02,1.000000000000000000e+00,2.703316650390625000e+02,5.185333862304687500e+02,0.000000000000000000e+00,-1.960615539550781250e+01,-6.638319396972656250e+01,0.000000000000000000e+00,3.470000000000000000e+02,3.770000000000000000e+02,1.000000000000000000e+00,3.520409851074218750e+02,5.109936218261718750e+02,0.000000000000000000e+00,-1.960615539550781250e+01,-6.638319396972656250e+01,0.000000000000000000e+00,2.910000000000000000e+02,8.300000000000000000e+01,1.000000000000000000e+00,3.170000000000000000e+02,8.300000000000000000e+01,1.000000000000000000e+00,2.700000000000000000e+02,9.800000000000000000e+01,1.000000000000000000e+00,3.320000000000000000e+02,9.400000000000000000e+01,1.000000000000000000e+00,-1.960615539550781250e+01,-6.638319396972656250e+01,0.000000000000000000e+00,-1.960615539550781250e+01,-6.638319396972656250e+01,0.000000000000000000e+00,-1.960615539550781250e+01,-6.638319396972656250e+01,0.000000000000000000e+00,-1.960615539550781250e+01,-6.638319396972656250e+01,0.000000000000000000e+00,-1.960615539550781250e+01,-6.638319396972656250e+01,0.000000000000000000e+00,-1.960615539550781250e+01,-6.638319396972656250e+01,0.000000000000000000e+00,7.278681728813294338e-01,2.156958544265683120e+00,2.240202800837261865e+00,2.635486915854710954e+00
3.060000000000000000e+02,9.600000000000000000e+01,1.000000000000000000e+00,3.090000000000000000e+02,1.800000000000000000e+02,1.000000000000000000e+00,2.490000000000000000e+02,1.810000000000000000e+02,1.000000000000000000e+00,1.950000000000000000e+02,2.800000000000000000e+02,1.000000000000000000e+00,2.010000000000000000e+02,2.640000000000000000e+02,1.000000000000000000e+00,3.660000000000000000e+02,1.740000000000000000e+02,1.000000000000000000e+00,4.650000000000000000e+02,2.160000000000000000e+02,1.000000000000000000e+00,5.510000000000000000e+02,1.680000000000000000e+02,1.000000000000000000e+00,3.030000000000000000e+02,3.780000000000000000e+02,1.000000000000000000e+00,2.580000000000000000e+02,3.780000000000000000e+02,1.000000000000000000e+00,2.703299255371093750e+02,5.182192382812500000e+02,0.000000000000000000e+00,-2.045888328552246094e+01,-6.649774932861328125e+01,0.000000000000000000e+00,3.470000000000000000e+02,3.770000000000000000e+02,1.000000000000000000e+00,3.524523315429687500e+02,5.104679260253906250e+02,0.000000000000000000e+00,-2.045888328552246094e+01,-6.649774932861328125e+01,0.000000000000000000e+00,2.930000000000000000e+02,8.500000000000000000e+01,1.000000000000000000e+00,3.170000000000000000e+02,8.300000000000000000e+01,1.000000000000000000e+00,2.700000000000000000e+02,9.700000000000000000e+01,1.000000000000000000e+00,3.320000000000000000e+02,9.400000000000000000e+01,1.000000000000000000e+00,-2.045888328552246094e+01,-6.649774932861328125e+01,0.000000000000000000e+00,-2.045888328552246094e+01,-6.649774932861328125e+01,0.000000000000000000e+00,-2.045888328552246094e+01,-6.649774932861328125e+01,0.000000000000000000e+00,-2.045888328552246094e+01,-6.649774932861328125e+01,0.000000000000000000e+00,-2.045888328552246094e+01,-6.649774932861328125e+01,0.000000000000000000e+00,-2.045888328552246094e+01,-6.649774932861328125e+01,0.000000000000000000e+00,1.405760514095573677e-01,2.086808172188967525e+00,2.231292966162561342e+00,2.635486915854710954e+00
3.060000000000000000e+02,9.600000000000000000e+01,1.000000000000000000e+00,3.090000000000000000e+02,1.800000000000000000e+02,1.000000000000000000e+00,2.490000000000000000e+02,1.800000000000000000e+02,1.000000000000000000e+00,1.940000000000000000e+02,2.790000000000000000e+02,1.000000000000000000e+00,2.000000000000000000e+02,2.570000000000000000e+02,1.000000000000000000e+00,3.660000000000000000e+02,1.740000000000000000e+02,1.000000000000000000e+00,4.650000000000000000e+02,2.160000000000000000e+02,1.000000000000000000e+00,5.500000000000000000e+02,1.680000000000000000e+02,1.000000000000000000e+00,3.030000000000000000e+02,3.780000000000000000e+02,1.000000000000000000e+00,2.580000000000000000e+02,3.780000000000000000e+02,1.000000000000000000e+00,2.707420654296875000e+02,5.193087768554687500e+02,0.000000000000000000e+00,-2.055702209472656250e+01,-6.618411254882812500e+01,0.000000000000000000e+00,3.460000000000000000e+02,3.800000000000000000e+02,1.000000000000000000e+00,3.523955993652343750e+02,5.107142028808593750e+02,0.000000000000000000e+00,-2.055702209472656250e+01,-6.618411254882812500e+01,0.000000000000000000e+00,2.930000000000000000e+02,8.500000000000000000e+01,1.000000000000000000e+00,3.170000000000000000e+02,8.300000000000000000e+01,1.000000000000000000e+00,2.700000000000000000e+02,9.700000000000000000e+01,1.000000000000000000e+00,3.330000000000000000e+02,9.700000000000000000e+01,1.000000000000000000e+00,-2.055702209472656250e+01,-6.618411254882812500e+01,0.000000000000000000e+00,-2.055702209472656250e+01,-6.618411254882812500e+01,0.000000000000000000e+00,-2.055702209472656250e+01,-6.618411254882812500e+01,0.000000000000000000e+00,-2.055702209472656250e+01,-6.618411254882812500e+01,0.000000000000000000e+00,-2.055702209472656250e+01,-6.618411254882812500e+01,0.000000000000000000e+00,-2.055702209472656250e+01,-6.618411254882812500e+01,0.000000000000000000e+00,2.408464552414119331e-01,2.077894831187233393e+00,2.226300288695317153e+00,2.635486915854710954e+00
3.060000000000000000e+02,9.600000000000000000e+01,1.000000000000000000e+00,3.090000000000000000e+02,1.800000000000000000e+02,1.000000000000000000e+00,2.490000000000000000e+02,1.800000000000000000e+02,1.000000000000000000e+00,1.960000000000000000e+02,2.800000000000000000e+02,1.000000000000000000e+00,1.990000000000000000e+02,2.590000000000000000e+02,1.000000000000000000e+00,3.660000000000000000e+02,1.740000000000000000e+02,1.000000000000000000e+00,4.650000000000000000e+02,2.160000000000000000e+02,1.000000000000000000e+00,5.490000000000000000e+02,1.680000000000000000e+02,1.000000000000000000e+00,3.030000000000000000e+02,3.780000000000000000e+02,1.000000000000000000e+00,2.610000000000000000e+02,3.760000000000000000e+02,1.000000000000000000e+00,2.706726379394531250e+02,5.204166259765625000e+02,0.000000000000000000e+00,-2.043812561035156250e+01,-6.621305847167968750e+01,0.000000000000000000e+00,3.460000000000000000e+02,3.800000000000000000e+02,1.000000000000000000e+00,3.524584045410156250e+02,5.110900573730468750e+02,0.000000000000000000e+00,-2.043812561035156250e+01,-6.621305847167968750e+01,0.000000000000000000e+00,2.930000000000000000e+02,8.500000000000000000e+01,1.000000000000000000e+00,3.190000000000000000e+02,8.500000000000000000e+01,1.000000000000000000e+00,2.700000000000000000e+02,9.700000000000000000e+01,1.000000000000000000e+00,3.330000000000000000e+02,9.700000000000000000e+01,1.000000000000000000e+00,-2.043812561035156250e+01,-6.621305847167968750e+01,0.000000000000000000e+00,-2.043812561035156250e+01,-6.621305847167968750e+01,0.000000000000000000e+00,-2.043812561035156250e+01,-6.621305847167968750e+01,0.000000000000000000e+00,-2.043812561035156250e+01,-6.621305847167968750e+01,0.000000000000000000e+00,-2.043812561035156250e+01,-6.621305847167968750e+01,0.000000000000000000e+00,-2.043812561035156250e+01,-6.621305847167968750e+01,0.000000000000000000e+00,3.454615249010267175e-01,2.058154906300087017e+00,2.221217740338421898e+00,2.635486915854710954e+00
3.060000000000000000e+02,9.600000000000000000e+01,1.000000000000000000e+00,3.100000000000000000e+02,1.800000000000000000e+02,1.000000000000000000e+00,2.490000000000000000e+02,1.800000000000000000e+02,1.000000000000000000e+00,1.980000000000000000e+02,2.810000000000000000e+02,1.000000000000000000e+00,2.400000000000000000e+02,2.160000000000000000e+02,1.000000000000000000e+00,3.660000000000000000e+02,1.740000000000000000e+02,1.000000000000000000e+00,4.650000000000000000e+02,2.170000000000000000e+02,1.000000000000000000e+00,5.490000000000000000e+02,1.680000000000000000e+02,1.000000000000000000e+00,3.030000000000000000e+02,3.780000000000000000e+02,1.000000000000000000e+00,2.620000000000000000e+02,3.760000000000000000e+02,1.000000000000000000e+00,2.705968017578125000e+02,5.208605957031250000e+02,0.000000000000000000e+00,-2.043241882324218750e+01,-6.640718078613281250e+01,0.000000000000000000e+00,3.460000000000000000e+02,3.800000000000000000e+02,1.000000000000000000e+00,3.521762695312500000e+02,5.109089965820312500e+02,0.000000000000000000e+00,-2.043241882324218750e+01,-6.640718078613281250e+01,0.000000000000000000e+00,2.930000000000000000e+02,8.500000000000000000e+01,1.000000000000000000e+00,3.190000000000000000e+02,8.500000000000000000e+01,1.000000000000000000e+00,2.730000000000000000e+02,9.700000000000000000e+01,1.000000000000000000e+00,3.340000000000000000e+02,9.700000000000000000e+01,1.000000000000000000e+00,-2.043241882324218750e+01,-6.640718078613281250e+01,0.000000000000000000e+00,-2.043241882324218750e+01,-6.640718078613281250e+01,0.000000000000000000e+00,-2.043241882324218750e+01,-6.640718078613281250e+01,0.000000000000000000e+00,-2.043241882324218750e+01,-6.640718078613281250e+01,0.000000000000000000e+00,-2.043241882324218750e+01,-6.640718078613281250e+01,0.000000000000000000e+00,-2.043241882324218750e+01,-6.640718078613281250e+01,0.000000000000000000e+00,1.060665105806061353e-01,2.038396484382452911e+00,2.203760277239050769e+00,2.625099053016274553e+00
3.060000000000000000e+02,9.600000000000000000e+01,1.000000000000000000e+00,3.080000000000000000e+02,1.790000000000000000e+02,1.000000000000000000e+00,2.490000000000000000e+02,1.800000000000000000e+02,1.000000000000000000e+00,2.020000000000000000e+02,2.850000000000000000e+02,1.000000000000000000e+00,2.480000000000000000e+02,2.130000000000000000e+02,1.000000000000000000e+00,3.660000000000000000e+02,1.750000000000000000e+02,1.000000000000000000e+00,4.650000000000000000e+02,2.180000000000000000e+02,1.000000000000000000e+00,5.480000000000000000e+02,1.690000000000000000e+02,1.000000000000000000e+00,3.020000000000000000e+02,3.780000000000000000e+02,1.000000000000000000e+00,2.630000000000000000e+02,3.770000000000000000e+02,1.000000000000000000e+00,2.706517028808593750e+02,5.219653930664062500e+02,0.000000000000000000e+00,-2.093894958496093750e+01,-6.666246032714843750e+01,0.000000000000000000e+00,3.460000000000000000e+02,3.800000000000000000e+02,1.000000000000000000e+00,3.521572570800781250e+02,5.115532226562500000e+02,0.000000000000000000e+00,-2.093894958496093750e+01,-6.666246032714843750e+01,0.000000000000000000e+00,2.930000000000000000e+02,8.500000000000000000e+01,1.000000000000000000e+00,3.190000000000000000e+02,8.500000000000000000e+01,1.000000000000000000e+00,2.730000000000000000e+02,9.700000000000000000e+01,1.000000000000000000e+00,3.340000000000000000e+02,9.700000000000000000e+01,1.000000000000000000e+00,-2.093894958496093750e+01,-6.666246032714843750e+01,0.000000000000000000e+00,-2.093894958496093750e+01,-6.666246032714843750e+01,0.000000000000000000e+00,-2.093894958496093750e+01,-6.666246032714843750e+01,0.000000000000000000e+00,-2.093894958496093750e+01,-6.666246032714843750e+01,0.000000000000000000e+00,-2.093894958496093750e+01,-6.666246032714843750e+01,0.000000000000000000e+00,-2.093894958496093750e+01,-6.666246032714843750e+01,0.000000000000000000e+00,1.476523867405257207e-01,2.008616017591815517e+00,2.198532542936035838e+00,2.662978236364365259e+00
3.060000000000000000e+02,9.600000000000000000e+01,1.000000000000000000e+00,3.080000000000000000e+02,1.790000000000000000e+02,1.000000000000000000e+00,2.480000000000000000e+02,1.800000000000000000e+02,1.000000000000000000e+00,2.060000000000000000e+02,2.900000000000000000e+02,1.000000000000000000e+00,2.480000000000000000e+02,2.170000000000000000e+02,1.000000000000000000e+00,3.660000000000000000e+02,1.760000000000000000e+02,1.000000000000000000e+00,4.650000000000000000e+02,2.190000000000000000e+02,1.000000000000000000e+00,5.480000000000000000e+02,1.700000000000000000e+02,1.000000000000000000e+00,3.020000000000000000e+02,3.780000000000000000e+02,1.000000000000000000e+00,2.650000000000000000e+02,3.790000000000000000e+02,1.000000000000000000e+00,2.704344482421875000e+02,5.232638549804687500e+02,0.000000000000000000e+00,-2.114166259765625000e+01,-6.684617614746093750e+01,0.000000000000000000e+00,3.460000000000000000e+02,3.800000000000000000e+02,1.000000000000000000e+00,3.518005981445312500e+02,5.116118774414062500e+02,0.000000000000000000e+00,-2.114166259765625000e+01,-6.684617614746093750e+01,0.000000000000000000e+00,2.930000000000000000e+02,8.500000000000000000e+01,1.000000000000000000e+00,3.190000000000000000e+02,8.500000000000000000e+01,1.000000000000000000e+00,2.730000000000000000e+02,9.800000000000000000e+01,1.000000000000000000e+00,3.340000000000000000e+02,9.700000000000000000e+01,1.000000000000000000e+00,-2.114166259765625000e+01,-6.684617614746093750e+01,0.000000000000000000e+00,-2.114166259765625000e+01,-6.684617614746093750e+01,0.000000000000000000e+00,-2.114166259765625000e+01,-6.684617614746093750e+01,0.000000000000000000e+00,-2.114166259765625000e+01,-6.684617614746093750e+01,0.000000000000000000e+00,-2.114166259765625000e+01,-6.684617614746093750e+01,0.000000000000000000e+00,-2.114166259765625000e+01,-6.684617614746093750e+01,0.000000000000000000e+00,1.573567995638741890e-01,1.952196264773250700e+00,2.198532542936035838e+00,2.680156641182980248e+00
3.060000000000000000e+02,9.600000000000000000e+01,1.000000000000000000e+00,3.080000000000000000e+02,1.790000000000000000e+02,1.000000000000000000e+00,2.470000000000000000e+02,1.810000000000000000e+02,1.000000000000000000e+00,2.100000000000000000e+02,2.950000000000000000e+02,1.000000000000000000e+00,2.510000000000000000e+02,2.310000000000000000e+02,1.000000000000000000e+00,3.660000000000000000e+02,1.760000000000000000e+02,1.000000000000000000e+00,4.650000000000000000e+02,2.200000000000000000e+02,1.000000000000000000e+00,5.480000000000000000e+02,1.710000000000000000e+02,1.000000000000000000e+00,3.020000000000000000e+02,3.780000000000000000e+02,1.000000000000000000e+00,2.580000000000000000e+02,3.800000000000000000e+02,1.000000000000000000e+00,2.701441650390625000e+02,5.241479492187500000e+02,0.000000000000000000e+00,-2.056986999511718750e+01,-6.750915527343750000e+01,0.000000000000000000e+00,3.450000000000000000e+02,3.800000000000000000e+02,1.000000000000000000e+00,3.516430969238281250e+02,5.127751464843750000e+02,0.000000000000000000e+00,-2.056986999511718750e+01,-6.750915527343750000e+01,0.000000000000000000e+00,2.930000000000000000e+02,8.500000000000000000e+01,1.000000000000000000e+00,3.190000000000000000e+02,8.500000000000000000e+01,1.000000000000000000e+00,2.740000000000000000e+02,9.800000000000000000e+01,1.000000000000000000e+00,3.340000000000000000e+02,9.700000000000000000e+01,1.000000000000000000e+00,-2.056986999511718750e+01,-6.750915527343750000e+01,0.000000000000000000e+00,-2.056986999511718750e+01,-6.750915527343750000e+01,0.000000000000000000e+00,-2.056986999511718750e+01,-6.750915527343750000e+01,0.000000000000000000e+00,-2.056986999511718750e+01,-6.750915527343750000e+01,0.000000000000000000e+00,-2.056986999511718750e+01,-6.750915527343750000e+01,0.000000000000000000e+00,-2.056986999511718750e+01,-6.750915527343750000e+01,0.000000000000000000e+00,2.559213010550690504e-01,1.917406623626881190e+00,2.190066141281189704e+00,2.671690239528134114e+00
3.080000000000000000e+02,9.800000000000000000e+01,1.000000000000000000e+00,3.080000000000000000e+02,1.790000000000000000e+02,1.000000000000000000e+00,2.470000000000000000e+02,1.820000000000000000e+02,1.000000000000000000e+00,2.140000000000000000e+02,2.970000000000000000e+02,1.000000000000000000e+00,2.590000000000000000e+02,2.450000000000000000e+02,1.000000000000000000e+00,3.660000000000000000e+02,1.760000000000000000e+02,1.000000000000000000e+00,4.630000000000000000e+02,2.200000000000000000e+02,1.000000000000000000e+00,5.480000000000000000e+02,1.720000000000000000e+02,1.000000000000000000e+00,3.020000000000000000e+02,3.780000000000000000e+02,1.000000000000000000e+00,2.580000000000000000e+02,3.800000000000000000e+02,1.000000000000000000e+00,2.699924926757812500e+02,5.244760742187500000e+02,0.000000000000000000e+00,-2.114208984375000000e+01,-6.685163879394531250e+01,0.000000000000000000e+00,3.450000000000000000e+02,3.800000000000000000e+02,1.000000000000000000e+00,3.514698181152343750e+02,5.137153320312500000e+02,0.000000000000000000e+00,-2.114208984375000000e+01,-6.685163879394531250e+01,0.000000000000000000e+00,2.930000000000000000e+02,8.500000000000000000e+01,1.000000000000000000e+00,3.190000000000000000e+02,8.500000000000000000e+01,1.000000000000000000e+00,2.740000000000000000e+02,9.800000000000000000e+01,1.000000000000000000e+00,3.340000000000000000e+02,9.700000000000000000e+01,1.000000000000000000e+00,-2.114208984375000000e+01,-6.685163879394531250e+01,0.000000000000000000e+00,-2.114208984375000000e+01,-6.685163879394531250e+01,0.000000000000000000e+00,-2.114208984375000000e+01,-6.685163879394531250e+01,0.000000000000000000e+00,-2.114208984375000000e+01,-6.685163879394531250e+01,0.000000000000000000e+00,-2.114208984375000000e+01,-6.685163879394531250e+01,0.000000000000000000e+00,-2.114208984375000000e+01,-6.685163879394531250e+01,0.000000000000000000e+00,4.339103338842482671e-01,1.899384825337288918e+00,2.201678595193924615e+00,2.664064076601121656e+00
3.080000000000000000e+02,9.800000000000000000e+01,1.000000000000000000e+00,3.080000000000000000e+02,1.790000000000000000e+02,1.000000000000000000e+00,2.470000000000000000e+02,1.820000000000000000e+02,1.000000000000000000e+00,2.080000000000000000e+02,2.920000000000000000e+02,1.000000000000000000e+00,2.560000000000000000e+02,2.660000000000000000e+02,1.000000000000000000e+00,3.660000000000000000e+02,1.760000000000000000e+02,1.000000000000000000e+00,4.630000000000000000e+02,2.200000000000000000e+02,1.000000000000000000e+00,5.510000000000000000e+02,1.710000000000000000e+02,1.000000000000000000e+00,3.020000000000000000e+02,3.780000000000000000e+02,1.000000000000000000e+00,2.560000000000000000e+02,3.800000000000000000e+02,1.000000000000000000e+00,2.699748535156250000e+02,5.249694824218750000e+02,0.000000000000000000e+00,-2.184780883789062500e+01,-6.768225097656250000e+01,0.000000000000000000e+00,3.450000000000000000e+02,3.800000000000000000e+02,1.000000000000000000e+00,3.515836486816406250e+02,5.141345825195312500e+02,0.000000000000000000e+00,-2.184780883789062500e+01,-6.768225097656250000e+01,0.000000000000000000e+00,2.930000000000000000e+02,8.500000000000000000e+01,1.000000000000000000e+00,3.190000000000000000e+02,8.500000000000000000e+01,1.000000000000000000e+00,2.740000000000000000e+02,9.800000000000000000e+01,1.000000000000000000e+00,3.370000000000000000e+02,9.800000000000000000e+01,1.000000000000000000e+00,-2.184780883789062500e+01,-6.768225097656250000e+01,0.000000000000000000e+00,-2.184780883789062500e+01,-6.768225097656250000e+01,0.000000000000000000e+00,-2.184780883789062500e+01,-6.768225097656250000e+01,0.000000000000000000e+00,-2.184780883789062500e+01,-6.768225097656250000e+01,0.000000000000000000e+00,-2.184780883789062500e+01,-6.768225097656250000e+01,0.000000000000000000e+00,-2.184780883789062500e+01,-6.768225097656250000e+01,0.000000000000000000e+00,7.336551043889459889e-01,1.960655530211985464e+00,2.207679336835834949e+00,2.664064076601121656e+00
3.080000000000000000e+02,9.800000000000000000e+01,1.000000000000000000e+00,3.080000000000000000e+02,1.790000000000000000e+02,1.000000000000000000e+00,2.470000000000000000e+02,1.820000000000000000e+02,1.000000000000000000e+00,2.030000000000000000e+02,2.820000000000000000e+02,1.000000000000000000e+00,2.620000000000000000e+02,2.810000000000000000e+02,1.000000000000000000e+00,3.670000000000000000e+02,1.790000000000000000e+02,1.000000000000000000e+00,4.640000000000000000e+02,2.200000000000000000e+02,1.000000000000000000e+00,5.520000000000000000e+02,1.720000000000000000e+02,1.000000000000000000e+00,3.000000000000000000e+02,3.810000000000000000e+02,1.000000000000000000e+00,2.570000000000000000e+02,3.830000000000000000e+02,1.000000000000000000e+00,2.697947692871093750e+02,5.256596069335937500e+02,0.000000000000000000e+00,-2.206915283203125000e+01,-6.767945861816406250e+01,0.000000000000000000e+00,3.450000000000000000e+02,3.800000000000000000e+02,1.000000000000000000e+00,3.513816833496093750e+02,5.147071533203125000e+02,0.000000000000000000e+00,-2.206915283203125000e+01,-6.767945861816406250e+01,0.000000000000000000e+00,2.930000000000000000e+02,8.500000000000000000e+01,1.000000000000000000e+00,3.190000000000000000e+02,8.500000000000000000e+01,1.000000000000000000e+00,2.740000000000000000e+02,9.800000000000000000e+01,1.000000000000000000e+00,3.370000000000000000e+02,9.800000000000000000e+01,1.000000000000000000e+00,-2.206915283203125000e+01,-6.767945861816406250e+01,0.000000000000000000e+00,-2.206915283203125000e+01,-6.767945861816406250e+01,0.000000000000000000e+00,-2.206915283203125000e+01,-6.767945861816406250e+01,0.000000000000000000e+00,-2.206915283203125000e+01,-6.767945861816406250e+01,0.000000000000000000e+00,-2.206915283203125000e+01,-6.767945861816406250e+01,0.000000000000000000e+00,-2.206915283203125000e+01,-6.767945861816406250e+01,0.000000000000000000e+00,1.139341922403705798e+00,2.034443935795702707e+00,2.242341635441543968e+00,2.741688357121674358e+00
3.080000000000000000e+02,9.800000000000000000e+01,1.000000000000000000e+00,3.080000000000000000e+02,1.790000000000000000e+02,1.000000000000000000e+00,2.470000000000000000e+02,1.820000000000000000e+02,1.000000000000000000e+00,2.030000000000000000e+02,2.810000000000000000e+02,1.000000000000000000e+00,2.640000000000000000e+02,2.920000000000000000e+02,1.000000000000000000e+00,3.670000000000000000e+02,1.790000000000000000e+02,1.000000000000000000e+00,4.650000000000000000e+02,2.190000000000000000e+02,1.000000000000000000e+00,5.530000000000000000e+02,1.720000000000000000e+02,1.000000000000000000e+00,3.010000000000000000e+02,3.810000000000000000e+02,1.000000000000000000e+00,2.570000000000000000e+02,3.820000000000000000e+02,1.000000000000000000e+00,2.696201477050781250e+02,5.243074951171875000e+02,0.000000000000000000e+00,-2.246443176269531250e+01,-6.843818664550781250e+01,0.000000000000000000e+00,3.460000000000000000e+02,3.800000000000000000e+02,1.000000000000000000e+00,3.515169982910156250e+02,5.139025268554687500e+02,0.000000000000000000e+00,-2.246443176269531250e+01,-6.843818664550781250e+01,0.000000000000000000e+00,2.930000000000000000e+02,8.500000000000000000e+01,1.000000000000000000e+00,3.190000000000000000e+02,8.500000000000000000e+01,1.000000000000000000e+00,2.740000000000000000e+02,9.800000000000000000e+01,1.000000000000000000e+00,3.370000000000000000e+02,9.800000000000000000e+01,1.000000000000000000e+00,-2.246443176269531250e+01,-6.843818664550781250e+01,0.000000000000000000e+00,-2.246443176269531250e+01,-6.843818664550781250e+01,0.000000000000000000e+00,-2.246443176269531250e+01,-6.843818664550781250e+01,0.000000000000000000e+00,-2.246443176269531250e+01,-6.843818664550781250e+01,0.000000000000000000e+00,-2.246443176269531250e+01,-6.843818664550781250e+01,0.000000000000000000e+00,-2.246443176269531250e+01,-6.843818664550781250e+01,0.000000000000000000e+00,1.330982496566707862e+00,2.038161390790145688e+00,2.263521898982605141e+00,2.754068847809514331e+00
3.080000000000000000e+02,9.800000000000000000e+01,1.000000000000000000e+00,3.080000000000000000e+02,1.790000000000000000e+02,1.000000000000000000e+00,2.480000000000000000e+02,1.820000000000000000e+02,1.000000000000000000e+00,2.030000000000000000e+02,2.780000000000000000e+02,1.000000000000000000e+00,2.680000000000000000e+02,2.960000000000000000e+02,1.000000000000000000e+00,3.670000000000000000e+02,1.790000000000000000e+02,1.000000000000000000e+00,4.650000000000000000e+02,2.180000000000000000e+02,1.000000000000000000e+00,5.530000000000000000e+02,1.710000000000000000e+02,1.000000000000000000e+00,3.030000000000000000e+02,3.800000000000000000e+02,1.000000000000000000e+00,2.600000000000000000e+02,3.800000000000000000e+02,1.000000000000000000e+00,2.694966430664062500e+02,5.232204589843750000e+02,0.000000000000000000e+00,-2.254530334472656250e+01,-6.798764038085937500e+01,0.000000000000000000e+00,3.420000000000000000e+02,3.800000000000000000e+02,1.000000000000000000e+00,3.514355468750000000e+02,5.138403930664062500e+02,0.000000000000000000e+00,-2.254530334472656250e+01,-6.798764038085937500e+01,0.000000000000000000e+00,2.930000000000000000e+02,8.500000000000000000e+01,1.000000000000000000e+00,3.190000000000000000e+02,8.500000000000000000e+01,1.000000000000000000e+00,2.740000000000000000e+02,9.800000000000000000e+01,1.000000000000000000e+00,3.370000000000000000e+02,9.800000000000000000e+01,1.000000000000000000e+00,-2.254530334472656250e+01,-6.798764038085937500e+01,0.000000000000000000e+00,-2.254530334472656250e+01,-6.798764038085937500e+01,0.000000000000000000e+00,-2.254530334472656250e+01,-6.798764038085937500e+01,0.000000000000000000e+00,-2.254530334472656250e+01,-6.798764038085937500e+01,0.000000000000000000e+00,-2.254530334472656250e+01,-6.798764038085937500e+01,0.000000000000000000e+00,-2.254530334472656250e+01,-6.798764038085937500e+01,0.000000000000000000e+00,1.402612966648343784e+00,2.059091282374797327e+00,2.272299889211799595e+00,2.762846838038708785e+00
3.080000000000000000e+02,9.800000000000000000e+01,1.000000000000000000e+00,3.080000000000000000e+02,1.790000000000000000e+02,1.000000000000000000e+00,2.490000000000000000e+02,1.810000000000000000e+02,1.000000000000000000e+00,2.050000000000000000e+02,2.770000000000000000e+02,1.000000000000000000e+00,2.670000000000000000e+02,2.980000000000000000e+02,1.000000000000000000e+00,3.670000000000000000e+02,1.790000000000000000e+02,1.000000000000000000e+00,4.660000000000000000e+02,2.170000000000000000e+02,1.000000000000000000e+00,5.500000000000000000e+02,1.720000000000000000e+02,1.000000000000000000e+00,3.020000000000000000e+02,3.800000000000000000e+02,1.000000000000000000e+00,2.600000000000000000e+02,3.790000000000000000e+02,1.000000000000000000e+00,2.696983947753906250e+02,5.237503662109375000e+02,0.000000000000000000e+00,-2.286569213867187500e+01,-6.791262817382812500e+01,0.000000000000000000e+00,3.440000000000000000e+02,3.800000000000000000e+02,1.000000000000000000e+00,3.515102233886718750e+02,5.138446655273437500e+02,0.000000000000000000e+00,-2.286569213867187500e+01,-6.791262817382812500e+01,0.000000000000000000e+00,2.930000000000000000e+02,8.500000000000000000e+01,1.000000000000000000e+00,3.190000000000000000e+02,8.500000000000000000e+01,1.000000000000000000e+00,2.740000000000000000e+02,9.800000000000000000e+01,1.000000000000000000e+00,3.370000000000000000e+02,9.800000000000000000e+01,1.000000000000000000e+00,-2.286569213867187500e+01,-6.791262817382812500e+01,0.000000000000000000e+00,-2.286569213867187500e+01,-6.791262817382812500e+01,0.000000000000000000e+00,-2.286569213867187500e+01,-6.791262817382812500e+01,0.000000000000000000e+00,-2.286569213867187500e+01,-6.791262817382812500e+01,0.000000000000000000e+00,-2.286569213867187500e+01,-6.791262817382812500e+01,0.000000000000000000e+00,-2.286569213867187500e+01,-6.791262817382812500e+01,0.000000000000000000e+00,1.467615482388826553e+00,2.034443935795702707e+00,2.283286691749836894e+00,2.775095867738535116e+00
3.080000000000000000e+02,9.800000000000000000e+01,1.000000000000000000e+00,3.080000000000000000e+02,1.790000000000000000e+02,1.000000000000000000e+00,2.490000000000000000e+02,1.810000000000000000e+02,1.000000000000000000e+00,2.040000000000000000e+02,2.750000000000000000e+02,1.000000000000000000e+00,2.600000000000000000e+02,2.920000000000000000e+02,1.000000000000000000e+00,3.670000000000000000e+02,1.790000000000000000e+02,1.000000000000000000e+00,4.660000000000000000e+02,2.160000000000000000e+02,1.000000000000000000e+00,5.500000000000000000e+02,1.710000000000000000e+02,1.000000000000000000e+00,3.030000000000000000e+02,3.800000000000000000e+02,1.000000000000000000e+00,2.620000000000000000e+02,3.820000000000000000e+02,1.000000000000000000e+00,2.698784179687500000e+02,5.238597412109375000e+02,0.000000000000000000e+00,-2.323547363281250000e+01,-6.824114990234375000e+01,0.000000000000000000e+00,3.440000000000000000e+02,3.800000000000000000e+02,1.000000000000000000e+00,3.511314086914062500e+02,5.136403198242187500e+02,0.000000000000000000e+00,-2.323547363281250000e+01,-6.824114990234375000e+01,0.000000000000000000e+00,2.930000000000000000e+02,8.500000000000000000e+01,1.000000000000000000e+00,3.190000000000000000e+02,8.500000000000000000e+01,1.000000000000000000e+00,2.740000000000000000e+02,9.800000000000000000e+01,1.000000000000000000e+00,3.370000000000000000e+02,9.800000000000000000e+01,1.000000000000000000e+00,-2.323547363281250000e+01,-6.824114990234375000e+01,0.000000000000000000e+00,-2.323547363281250000e+01,-6.824114990234375000e+01,0.000000000000000000e+00,-2.323547363281250000e+01,-6.824114990234375000e+01,0.000000000000000000e+00,-2.323547363281250000e+01,-6.824114990234375000e+01,0.000000000000000000e+00,-2.323547363281250000e+01,-6.824114990234375000e+01,0.000000000000000000e+00,-2.323547363281250000e+01,-6.824114990234375000e+01,0.000000000000000000e+00,1.419044518757978768e+00,2.051163569945309462e+00,2.292120226589888343e+00,2.783929402578587009e+00
3.080000000000000000e+02,9.800000000000000000e+01,1.000000000000000000e+00,3.080000000000000000e+02,1.790000000000000000e+02,1.000000000000000000e+00,2.490000000000000000e+02,1.810000000000000000e+02,1.000000000000000000e+00,2.010000000000000000e+02,2.730000000000000000e+02,1.000000000000000000e+00,2.570000000000000000e+02,2.840000000000000000e+02,1.000000000000000000e+00,3.670000000000000000e+02,1.790000000000000000e+02,1.000000000000000000e+00,4.660000000000000000e+02,2.150000000000000000e+02,1.000000000000000000e+00,5.500000000000000000e+02,1.700000000000000000e+02,1.000000000000000000e+00,3.000000000000000000e+02,3.760000000000000000e+02,1.000000000000000000e+00,2.600000000000000000e+02,3.760000000000000000e+02,1.000000000000000000e+00,2.700066223144531250e+02,5.247596435546875000e+02,0.000000000000000000e+00,-2.312623596191406250e+01,-6.847799682617187500e+01,0.000000000000000000e+00,3.450000000000000000e+02,3.800000000000000000e+02,1.000000000000000000e+00,3.515225524902343750e+02,5.134327392578125000e+02,0.000000000000000000e+00,-2.312623596191406250e+01,-6.847799682617187500e+01,0.000000000000000000e+00,2.930000000000000000e+02,8.500000000000000000e+01,1.000000000000000000e+00,3.190000000000000000e+02,8.500000000000000000e+01,1.000000000000000000e+00,2.740000000000000000e+02,9.800000000000000000e+01,1.000000000000000000e+00,3.370000000000000000e+02,9.800000000000000000e+01,1.000000000000000000e+00,-2.312623596191406250e+01,-6.847799682617187500e+01,0.000000000000000000e+00,-2.312623596191406250e+01,-6.847799682617187500e+01,0.000000000000000000e+00,-2.312623596191406250e+01,-6.847799682617187500e+01,0.000000000000000000e+00,-2.312623596191406250e+01,-6.847799682617187500e+01,0.000000000000000000e+00,-2.312623596191406250e+01,-6.847799682617187500e+01,0.000000000000000000e+00,-2.312623596191406250e+01,-6.847799682617187500e+01,0.000000000000000000e+00,1.283868193859453832e+00,2.085568936894349967e+00,2.301012474017187781e+00,2.792821650005886003e+00
3.080000000000000000e+02,9.800000000000000000e+01,1.000000000000000000e+00,3.080000000000000000e+02,1.790000000000000000e+02,1.000000000000000000e+00,2.490000000000000000e+02,1.810000000000000000e+02,1.000000000000000000e+00,1.990000000000000000e+02,2.740000000000000000e+02,1.000000000000000000e+00,2.530000000000000000e+02,2.720000000000000000e+02,1.000000000000000000e+00,3.670000000000000000e+02,1.790000000000000000e+02,1.000000000000000000e+00,4.660000000000000000e+02,2.150000000000000000e+02,1.000000000000000000e+00,5.500000000000000000e+02,1.690000000000000000e+02,1.000000000000000000e+00,3.000000000000000000e+02,3.760000000000000000e+02,1.000000000000000000e+00,2.590000000000000000e+02,3.760000000000000000e+02,1.000000000000000000e+00,2.703233642578125000e+02,5.249228515625000000e+02,0.000000000000000000e+00,-2.292886352539062500e+01,-6.843928527832031250e+01,0.000000000000000000e+00,3.460000000000000000e+02,3.800000000000000000e+02,1.000000000000000000e+00,3.515917663574218750e+02,5.135614624023437500e+02,0.000000000000000000e+00,-2.292886352539062500e+01,-6.843928527832031250e+01,0.000000000000000000e+00,2.930000000000000000e+02,8.500000000000000000e+01,1.000000000000000000e+00,3.190000000000000000e+02,8.500000000000000000e+01,1.000000000000000000e+00,2.740000000000000000e+02,9.800000000000000000e+01,1.000000000000000000e+00,3.370000000000000000e+02,9.800000000000000000e+01,1.000000000000000000e+00,-2.292886352539062500e+01,-6.843928527832031250e+01,0.000000000000000000e+00,-2.292886352539062500e+01,-6.843928527832031250e+01,0.000000000000000000e+00,-2.292886352539062500e+01,-6.843928527832031250e+01,0.000000000000000000e+00,-2.292886352539062500e+01,-6.843928527832031250e+01,0.000000000000000000e+00,-2.292886352539062500e+01,-6.843928527832031250e+01,0.000000000000000000e+00,-2.292886352539062500e+01,-6.843928527832031250e+01,0.000000000000000000e+00,1.040476278731887527e+00,2.097981588888093274e+00,2.291808263202296914e+00,2.792821650005886003e+00
3.080000000000000000e+02,9.800000000000000000e+01,1.000000000000000000e+00,3.080000000000000000e+02,1.790000000000000000e+02,1.000000000000000000e+00,2.490000000000000000e+02,1.810000000000000000e+02,1.000000000000000000e+00,1.990000000000000000e+02,2.740000000000000000e+02,1.000000000000000000e+00,2.520000000000000000e+02,2.580000000000000000e+02,1.000000000000000000e+00,3.670000000000000000e+02,1.790000000000000000e+02,1.000000000000000000e+00,4.660000000000000000e+02,2.150000000000000000e+02,1.000000000000000000e+00,5.500000000000000000e+02,1.690000000000000000e+02,1.000000000000000000e+00,3.030000000000000000e+02,3.760000000000000000e+02,1.000000000000000000e+00,2.590000000000000000e+02,3.760000000000000000e+02,1.000000000000000000e+00,2.706155700683593750e+02,5.253847656250000000e+02,0.000000000000000000e+00,-2.245787048339843750e+01,-6.873081970214843750e+01,0.000000000000000000e+00,3.450000000000000000e+02,3.800000000000000000e+02,1.000000000000000000e+00,3.517187194824218750e+02,5.132039794921875000e+02,0.000000000000000000e+00,-2.245787048339843750e+01,-6.873081970214843750e+01,0.000000000000000000e+00,2.930000000000000000e+02,8.500000000000000000e+01,1.000000000000000000e+00,3.190000000000000000e+02,8.500000000000000000e+01,1.000000000000000000e+00,2.740000000000000000e+02,9.800000000000000000e+01,1.000000000000000000e+00,3.370000000000000000e+02,9.800000000000000000e+01,1.000000000000000000e+00,-2.245787048339843750e+01,-6.873081970214843750e+01,0.000000000000000000e+00,-2.245787048339843750e+01,-6.873081970214843750e+01,0.000000000000000000e+00,-2.245787048339843750e+01,-6.873081970214843750e+01,0.000000000000000000e+00,-2.245787048339843750e+01,-6.873081970214843750e+01,0.000000000000000000e+00,-2.245787048339843750e+01,-6.873081970214843750e+01,0.000000000000000000e+00,-2.245787048339843750e+01,-6.873081970214843750e+01,0.000000000000000000e+00,7.843094980479353717e-01,2.097981588888093274e+00,2.291808263202296914e+00,2.792821650005886003e+00
3.080000000000000000e+02,9.800000000000000000e+01,1.000000000000000000e+00,3.080000000000000000e+02,1.790000000000000000e+02,1.000000000000000000e+00,2.480000000000000000e+02,1.810000000000000000e+02,1.000000000000000000e+00,1.990000000000000000e+02,2.840000000000000000e+02,1.000000000000000000e+00,2.500000000000000000e+02,2.450000000000000000e+02,1.000000000000000000e+00,3.670000000000000000e+02,1.760000000000000000e+02,1.000000000000000000e+00,4.660000000000000000e+02,2.150000000000000000e+02,1.000000000000000000e+00,5.500000000000000000e+02,1.690000000000000000e+02,1.000000000000000000e+00,3.040000000000000000e+02,3.760000000000000000e+02,1.000000000000000000e+00,2.590000000000000000e+02,3.760000000000000000e+02,1.000000000000000000e+00,2.707230834960937500e+02,5.253929443359375000e+02,0.000000000000000000e+00,-2.227999877929687500e+01,-6.871569824218750000e+01,0.000000000000000000e+00,3.450000000000000000e+02,3.800000000000000000e+02,1.000000000000000000e+00,3.519304809570312500e+02,5.122915039062500000e+02,0.000000000000000000e+00,-2.227999877929687500e+01,-6.871569824218750000e+01,0.000000000000000000e+00,2.930000000000000000e+02,8.500000000000000000e+01,1.000000000000000000e+00,3.190000000000000000e+02,8.500000000000000000e+01,1.000000000000000000e+00,2.740000000000000000e+02,9.800000000000000000e+01,1.000000000000000000e+00,3.370000000000000000e+02,9.800000000000000000e+01,1.000000000000000000e+00,-2.227999877929687500e+01,-6.871569824218750000e+01,0.000000000000000000e+00,-2.227999877929687500e+01,-6.871569824218750000e+01,0.000000000000000000e+00,-2.227999877929687500e+01,-6.871569824218750000e+01,0.000000000000000000e+00,-2.227999877929687500e+01,-6.871569824218750000e+01,0.000000000000000000e+00,-2.227999877929687500e+01,-6.871569824218750000e+01,0.000000000000000000e+00,-2.227999877929687500e+01,-6.871569824218750000e+01,0.000000000000000000e+00,4.739074175505210151e-01,2.048159600816745307e+00,2.265308443930246440e+00,2.715518126675614319e+00
3.080000000000000000e+02,9.800000000000000000e+01,1.000000000000000000e+00,3.080000000000000000e+02,1.790000000000000000e+02,1.000000000000000000e+00,2.480000000000000000e+02,1.810000000000000000e+02,1.000000000000000000e+00,2.030000000000000000e+02,2.920000000000000000e+02,1.000000000000000000e+00,2.010000000000000000e+02,2.760000000000000000e+02,1.000000000000000000e+00,3.670000000000000000e+02,1.760000000000000000e+02,1.000000000000000000e+00,4.660000000000000000e+02,2.150000000000000000e+02,1.000000000000000000e+00,5.500000000000000000e+02,1.690000000000000000e+02,1.000000000000000000e+00,3.020000000000000000e+02,3.790000000000000000e+02,1.000000000000000000e+00,2.590000000000000000e+02,3.790000000000000000e+02,1.000000000000000000e+00,2.709112548828125000e+02,5.263424072265625000e+02,0.000000000000000000e+00,-2.247546386718750000e+01,-6.875181579589843750e+01,0.000000000000000000e+00,3.440000000000000000e+02,3.800000000000000000e+02,1.000000000000000000e+00,3.522611694335937500e+02,5.122656250000000000e+02,0.000000000000000000e+00,-2.247546386718750000e+01,-6.875181579589843750e+01,0.000000000000000000e+00,2.930000000000000000e+02,8.500000000000000000e+01,1.000000000000000000e+00,3.190000000000000000e+02,8.500000000000000000e+01,1.000000000000000000e+00,2.740000000000000000e+02,9.800000000000000000e+01,1.000000000000000000e+00,3.370000000000000000e+02,9.800000000000000000e+01,1.000000000000000000e+00,-2.247546386718750000e+01,-6.875181579589843750e+01,0.000000000000000000e+00,-2.247546386718750000e+01,-6.875181579589843750e+01,0.000000000000000000e+00,-2.247546386718750000e+01,-6.875181579589843750e+01,0.000000000000000000e+00,-2.247546386718750000e+01,-6.875181579589843750e+01,0.000000000000000000e+00,-2.247546386718750000e+01,-6.875181579589843750e+01,0.000000000000000000e+00,-2.247546386718750000e+01,-6.875181579589843750e+01,0.000000000000000000e+00,5.095125009102354774e-01,1.989274829036618009e+00,2.265308443930246440e+00,2.715518126675614319e+00
3.080000000000000000e+02,9.900000000000000000e+01,1.000000000000000000e+00,3.080000000000000000e+02,1.790000000000000000e+02,1.000000000000000000e+00,2.480000000000000000e+02,1.810000000000000000e+02,1.000000000000000000e+00,2.040000000000000000e+02,2.910000000000000000e+02,1.000000000000000000e+00,2.010000000000000000e+02,2.750000000000000000e+02,1.000000000000000000e+00,3.670000000000000000e+02,1.760000000000000000e+02,1.000000000000000000e+00,4.660000000000000000e+02,2.150000000000000000e+02,1.000000000000000000e+00,5.500000000000000000e+02,1.690000000000000000e+02,1.000000000000000000e+00,3.020000000000000000e+02,3.790000000000000000e+02,1.000000000000000000e+00,2.600000000000000000e+02,3.790000000000000000e+02,1.000000000000000000e+00,2.708460388183593750e+02,5.266213989257812500e+02,0.000000000000000000e+00,-2.316625976562500000e+01,-6.825736999511718750e+01,0.000000000000000000e+00,3.440000000000000000e+02,3.800000000000000000e+02,1.000000000000000000e+00,3.521632995605468750e+02,5.125380859375000000e+02,0.000000000000000000e+00,-2.316625976562500000e+01,-6.825736999511718750e+01,0.000000000000000000e+00,2.930000000000000000e+02,8.600000000000000000e+01,1.000000000000000000e+00,3.190000000000000000e+02,8.600000000000000000e+01,1.000000000000000000e+00,2.740000000000000000e+02,9.800000000000000000e+01,1.000000000000000000e+00,3.370000000000000000e+02,9.900000000000000000e+01,1.000000000000000000e+00,-2.316625976562500000e+01,-6.825736999511718750e+01,0.000000000000000000e+00,-2.316625976562500000e+01,-6.825736999511718750e+01,0.000000000000000000e+00,-2.316625976562500000e+01,-6.825736999511718750e+01,0.000000000000000000e+00,-2.316625976562500000e+01,-6.825736999511718750e+01,0.000000000000000000e+00,-2.316625976562500000e+01,-6.825736999511718750e+01,0.000000000000000000e+00,-2.316625976562500000e+01,-6.825736999511718750e+01,0.000000000000000000e+00,5.658543271080596071e-01,1.984623699785508677e+00,2.265308443930246440e+00,2.715518126675614319e+00
3.080000000000000000e+02,1.000000000000000000e+02,1.000000000000000000e+00,3.080000000000000000e+02,1.790000000000000000e+02,1.000000000000000000e+00,2.480000000000000000e+02,1.810000000000000000e+02,1.000000000000000000e+00,2.080000000000000000e+02,2.920000000000000000e+02,1.000000000000000000e+00,2.010000000000000000e+02,2.750000000000000000e+02,1.000000000000000000e+00,3.670000000000000000e+02,1.760000000000000000e+02,1.000000000000000000e+00,4.640000000000000000e+02,2.160000000000000000e+02,1.000000000000000000e+00,5.500000000000000000e+02,1.690000000000000000e+02,1.000000000000000000e+00,3.020000000000000000e+02,3.790000000000000000e+02,1.000000000000000000e+00,2.610000000000000000e+02,3.790000000000000000e+02,1.000000000000000000e+00,2.709240722656250000e+02,5.258761596679687500e+02,0.000000000000000000e+00,-2.276362609863281250e+01,-6.800723266601562500e+01,0.000000000000000000e+00,3.440000000000000000e+02,3.800000000000000000e+02,1.000000000000000000e+00,3.520972900390625000e+02,5.129471435546875000e+02,0.000000000000000000e+00,-2.276362609863281250e+01,-6.800723266601562500e+01,0.000000000000000000e+00,2.930000000000000000e+02,8.700000000000000000e+01,1.000000000000000000e+00,3.190000000000000000e+02,8.700000000000000000e+01,1.000000000000000000e+00,2.740000000000000000e+02,9.800000000000000000e+01,1.000000000000000000e+00,3.370000000000000000e+02,1.000000000000000000e+02,1.000000000000000000e+00,-2.276362609863281250e+01,-6.800723266601562500e+01,0.000000000000000000e+00,-2.276362609863281250e+01,-6.800723266601562500e+01,0.000000000000000000e+00,-2.276362609863281250e+01,-6.800723266601562500e+01,0.000000000000000000e+00,-2.276362609863281250e+01,-6.800723266601562500e+01,0.000000000000000000e+00,-2.276362609863281250e+01,-6.800723266601562500e+01,0.000000000000000000e+00,-2.276362609863281250e+01,-6.800723266601562500e+01,0.000000000000000000e+00,7.364816035349279755e-01,1.949991882510385244e+00,2.250306152873081444e+00,2.699663502562542394e+00
3.080000000000000000e+02,1.010000000000000000e+02,1.000000000000000000e+00,3.070000000000000000e+02,1.790000000000000000e+02,1.000000000000000000e+00,2.480000000000000000e+02,1.810000000000000000e+02,1.000000000000000000e+00,2.090000000000000000e+02,2.960000000000000000e+02,1.000000000000000000e+00,2.050000000000000000e+02,2.780000000000000000e+02,1.000000000000000000e+00,3.670000000000000000e+02,1.760000000000000000e+02,1.000000000000000000e+00,4.640000000000000000e+02,2.160000000000000000e+02,1.000000000000000000e+00,5.500000000000000000e+02,1.690000000000000000e+02,1.000000000000000000e+00,3.020000000000000000e+02,3.790000000000000000e+02,1.000000000000000000e+00,2.620000000000000000e+02,3.790000000000000000e+02,1.000000000000000000e+00,2.707972106933593750e+02,5.263289794921875000e+02,0.000000000000000000e+00,-2.245217895507812500e+01,-6.847413635253906250e+01,0.000000000000000000e+00,3.440000000000000000e+02,3.800000000000000000e+02,1.000000000000000000e+00,3.522917480468750000e+02,5.131450195312500000e+02,0.000000000000000000e+00,-2.245217895507812500e+01,-6.847413635253906250e+01,0.000000000000000000e+00,2.930000000000000000e+02,8.800000000000000000e+01,1.000000000000000000e+00,3.190000000000000000e+02,8.800000000000000000e+01,1.000000000000000000e+00,2.740000000000000000e+02,9.900000000000000000e+01,1.000000000000000000e+00,3.370000000000000000e+02,1.000000000000000000e+02,1.000000000000000000e+00,-2.245217895507812500e+01,-6.847413635253906250e+01,0.000000000000000000e+00,-2.245217895507812500e+01,-6.847413635253906250e+01,0.000000000000000000e+00,-2.245217895507812500e+01,-6.847413635253906250e+01,0.000000000000000000e+00,-2.245217895507812500e+01,-6.847413635253906250e+01,0.000000000000000000e+00,-2.245217895507812500e+01,-6.847413635253906250e+01,0.000000000000000000e+00,-2.245217895507812500e+01,-6.847413635253906250e+01,0.000000000000000000e+00,5.456277865096559321e-01,1.931640497334728312e+00,2.250306152873081444e+00,2.700508810898821110e+00
3.080000000000000000e+02,1.020000000000000000e+02,1.000000000000000000e+00,3.070000000000000000e+02,1.790000000000000000e+02,1.000000000000000000e+00,2.480000000000000000e+02,1.810000000000000000e+02,1.000000000000000000e+00,2.100000000000000000e+02,2.980000000000000000e+02,1.000000000000000000e+00,2.420000000000000000e+02,2.300000000000000000e+02,1.000000000000000000e+00,3.670000000000000000e+02,1.760000000000000000e+02,1.000000000000000000e+00,4.630000000000000000e+02,2.170000000000000000e+02,1.000000000000000000e+00,5.500000000000000000e+02,1.700000000000000000e+02,1.000000000000000000e+00,3.020000000000000000e+02,3.790000000000000000e+02,1.000000000000000000e+00,2.630000000000000000e+02,3.790000000000000000e+02,1.000000000000000000e+00,2.705299072265625000e+02,5.280520629882812500e+02,0.000000000000000000e+00,-2.308508300781250000e+01,-6.851115417480468750e+01,0.000000000000000000e+00,3.440000000000000000e+02,3.800000000000000000e+02,1.000000000000000000e+00,3.521223144531250000e+02,5.138081054687500000e+02,0.000000000000000000e+00,-2.308508300781250000e+01,-6.851115417480468750e+01,0.000000000000000000e+00,2.930000000000000000e+02,8.900000000000000000e+01,1.000000000000000000e+00,3.190000000000000000e+02,8.900000000000000000e+01,1.000000000000000000e+00,2.740000000000000000e+02,1.000000000000000000e+02,1.000000000000000000e+00,3.370000000000000000e+02,1.000000000000000000e+02,1.000000000000000000e+00,-2.308508300781250000e+01,-6.851115417480468750e+01,0.000000000000000000e+00,-2.308508300781250000e+01,-6.851115417480468750e+01,0.000000000000000000e+00,-2.308508300781250000e+01,-6.851115417480468750e+01,0.000000000000000000e+00,-2.308508300781250000e+01,-6.851115417480468750e+01,0.000000000000000000e+00,-2.308508300781250000e+01,-6.851115417480468750e+01,0.000000000000000000e+00,-2.308508300781250000e+01,-6.851115417480468750e+01,0.000000000000000000e+00,1.258039577916110208e-01,1.918720281723138354e+00,2.242647497200107143e+00,2.688000332554584482e+00
3.080000000000000000e+02,1.030000000000000000e+02,1.000000000000000000e+00,3.070000000000000000e+02,1.790000000000000000e+02,1.000000000000000000e+00,2.480000000000000000e+02,1.810000000000000000e+02,1.000000000000000000e+00,2.130000000000000000e+02,3.010000000000000000e+02,1.000000000000000000e+00,2.450000000000000000e+02,2.360000000000000000e+02,1.000000000000000000e+00,3.670000000000000000e+02,1.760000000000000000e+02,1.000000000000000000e+00,4.630000000000000000e+02,2.180000000000000000e+02,1.000000000000000000e+00,5.500000000000000000e+02,1.710000000000000000e+02,1.000000000000000000e+00,3.010000000000000000e+02,3.790000000000000000e+02,1.000000000000000000e+00,2.630000000000000000e+02,3.790000000000000000e+02,1.000000000000000000e+00,2.703277587890625000e+02,5.283056030273437500e+02,0.000000000000000000e+00,-2.290679931640625000e+01,-6.811778259277343750e+01,0.000000000000000000e+00,3.440000000000000000e+02,3.800000000000000000e+02,1.000000000000000000e+00,3.520455932617187500e+02,5.138078613281250000e+02,0.000000000000000000e+00,-2.290679931640625000e+01,-6.811778259277343750e+01,0.000000000000000000e+00,2.930000000000000000e+02,8.900000000000000000e+01,1.000000000000000000e+00,3.190000000000000000e+02,8.900000000000000000e+01,1.000000000000000000e+00,2.740000000000000000e+02,1.000000000000000000e+02,1.000000000000000000e+00,3.370000000000000000e+02,1.000000000000000000e+02,1.000000000000000000e+00,-2.290679931640625000e+01,-6.811778259277343750e+01,0.000000000000000000e+00,-2.290679931640625000e+01,-6.811778259277343750e+01,0.000000000000000000e+00,-2.290679931640625000e+01,-6.811778259277343750e+01,0.000000000000000000e+00,-2.290679931640625000e+01,-6.811778259277343750e+01,0.000000000000000000e+00,-2.290679931640625000e+01,-6.811778259277343750e+01,0.000000000000000000e+00,-2.290679931640625000e+01,-6.811778259277343750e+01,0.000000000000000000e+00,1.736807386876976778e-01,1.888475765907342119e+00,2.233870980915985793e+00,2.679223816270463132e+00
3.080000000000000000e+02,1.030000000000000000e+02,1.000000000000000000e+00,3.090000000000000000e+02,1.810000000000000000e+02,1.000000000000000000e+00,2.480000000000000000e+02,1.820000000000000000e+02,1.000000000000000000e+00,2.150000000000000000e+02,3.000000000000000000e+02,1.000000000000000000e+00,2.570000000000000000e+02,2.440000000000000000e+02,1.000000000000000000e+00,3.670000000000000000e+02,1.760000000000000000e+02,1.000000000000000000e+00,4.630000000000000000e+02,2.190000000000000000e+02,1.000000000000000000e+00,5.500000000000000000e+02,1.720000000000000000e+02,1.000000000000000000e+00,3.010000000000000000e+02,3.790000000000000000e+02,1.000000000000000000e+00,2.630000000000000000e+02,3.790000000000000000e+02,1.000000000000000000e+00,2.703671875000000000e+02,5.283138427734375000e+02,0.000000000000000000e+00,-2.264907836914062500e+01,-6.859881591796875000e+01,0.000000000000000000e+00,3.440000000000000000e+02,3.800000000000000000e+02,1.000000000000000000e+00,3.520275268554687500e+02,5.141740722656250000e+02,0.000000000000000000e+00,-2.264907836914062500e+01,-6.859881591796875000e+01,0.000000000000000000e+00,2.930000000000000000e+02,8.900000000000000000e+01,1.000000000000000000e+00,3.190000000000000000e+02,9.000000000000000000e+01,1.000000000000000000e+00,2.740000000000000000e+02,1.000000000000000000e+02,1.000000000000000000e+00,3.370000000000000000e+02,1.000000000000000000e+02,1.000000000000000000e+00,-2.264907836914062500e+01,-6.859881591796875000e+01,0.000000000000000000e+00,-2.264907836914062500e+01,-6.859881591796875000e+01,0.000000000000000000e+00,-2.264907836914062500e+01,-6.859881591796875000e+01,0.000000000000000000e+00,-2.264907836914062500e+01,-6.859881591796875000e+01,0.000000000000000000e+00,-2.264907836914062500e+01,-6.859881591796875000e+01,0.000000000000000000e+00,-2.264907836914062500e+01,-6.859881591796875000e+01,0.000000000000000000e+00,3.708067722476167116e-01,1.859882637648569537e+00,2.225161348132350891e+00,2.634478288014530989e+00
3.080000000000000000e+02,1.030000000000000000e+02,1.000000000000000000e+00,3.090000000000000000e+02,1.810000000000000000e+02,1.000000000000000000e+00,2.480000000000000000e+02,1.820000000000000000e+02,1.000000000000000000e+00,2.150000000000000000e+02,2.990000000000000000e+02,1.000000000000000000e+00,2.640000000000000000e+02,2.590000000000000000e+02,1.000000000000000000e+00,3.670000000000000000e+02,1.760000000000000000e+02,1.000000000000000000e+00,4.630000000000000000e+02,2.190000000000000000e+02,1.000000000000000000e+00,5.510000000000000000e+02,1.730000000000000000e+02,1.000000000000000000e+00,3.000000000000000000e+02,3.790000000000000000e+02,1.000000000000000000e+00,2.630000000000000000e+02,3.790000000000000000e+02,1.000000000000000000e+00,2.701860351562500000e+02,5.291424560546875000e+02,0.000000000000000000e+00,-2.205329895019531250e+01,-6.811328125000000000e+01,0.000000000000000000e+00,3.440000000000000000e+02,3.800000000000000000e+02,1.000000000000000000e+00,3.519825439453125000e+02,5.143991699218750000e+02,0.000000000000000000e+00,-2.205329895019531250e+01,-6.811328125000000000e+01,0.000000000000000000e+00,2.930000000000000000e+02,8.900000000000000000e+01,1.000000000000000000e+00,3.190000000000000000e+02,9.000000000000000000e+01,1.000000000000000000e+00,2.740000000000000000e+02,1.000000000000000000e+02,1.000000000000000000e+00,3.370000000000000000e+02,1.000000000000000000e+02,1.000000000000000000e+00,-2.205329895019531250e+01,-6.811328125000000000e+01,0.000000000000000000e+00,-2.205329895019531250e+01,-6.811328125000000000e+01,0.000000000000000000e+00,-2.205329895019531250e+01,-6.811328125000000000e+01,0.000000000000000000e+00,-2.205329895019531250e+01,-6.811328125000000000e+01,0.000000000000000000e+00,-2.205329895019531250e+01,-6.811328125000000000e+01,0.000000000000000000e+00,-2.205329895019531250e+01,-6.811328125000000000e+01,0.000000000000000000e+00,6.112693210014433776e-01,1.862098142583574312e+00,2.238808901653909889e+00,2.634478288014530989e+00
3.080000000000000000e+02,1.030000000000000000e+02,1.000000000000000000e+00,3.090000000000000000e+02,1.810000000000000000e+02,1.000000000000000000e+00,2.480000000000000000e+02,1.820000000000000000e+02,1.000000000000000000e+00,2.050000000000000000e+02,2.900000000000000000e+02,1.000000000000000000e+00,2.720000000000000000e+02,2.710000000000000000e+02,1.000000000000000000e+00,3.670000000000000000e+02,1.760000000000000000e+02,1.000000000000000000e+00,4.630000000000000000e+02,2.190000000000000000e+02,1.000000000000000000e+00,5.510000000000000000e+02,1.730000000000000000e+02,1.000000000000000000e+00,3.000000000000000000e+02,3.790000000000000000e+02,1.000000000000000000e+00,2.570000000000000000e+02,3.790000000000000000e+02,1.000000000000000000e+00,2.703650512695312500e+02,5.292945556640625000e+02,0.000000000000000000e+00,-2.308442687988281250e+01,-6.844042968750000000e+01,0.000000000000000000e+00,3.440000000000000000e+02,3.800000000000000000e+02,1.000000000000000000e+00,3.519481506347656250e+02,5.147072143554687500e+02,0.000000000000000000e+00,-2.308442687988281250e+01,-6.844042968750000000e+01,0.000000000000000000e+00,2.930000000000000000e+02,8.900000000000000000e+01,1.000000000000000000e+00,3.190000000000000000e+02,9.000000000000000000e+01,1.000000000000000000e+00,2.740000000000000000e+02,1.000000000000000000e+02,1.000000000000000000e+00,3.370000000000000000e+02,1.000000000000000000e+02,1.000000000000000000e+00,-2.308442687988281250e+01,-6.844042968750000000e+01,0.000000000000000000e+00,-2.308442687988281250e+01,-6.844042968750000000e+01,0.000000000000000000e+00,-2.308442687988281250e+01,-6.844042968750000000e+01,0.000000000000000000e+00,-2.308442687988281250e+01,-6.844042968750000000e+01,0.000000000000000000e+00,-2.308442687988281250e+01,-6.844042968750000000e+01,0.000000000000000000e+00,-2.308442687988281250e+01,-6.844042968750000000e+01,0.000000000000000000e+00,9.155601174381248208e-01,1.966097235484608463e+00,2.238808901653909889e+00,2.634478288014530989e+00
3.080000000000000000e+02,1.030000000000000000e+02,1.000000000000000000e+00,3.090000000000000000e+02,1.810000000000000000e+02,1.000000000000000000e+00,2.480000000000000000e+02,1.820000000000000000e+02,1.000000000000000000e+00,2.030000000000000000e+02,2.860000000000000000e+02,1.000000000000000000e+00,2.640000000000000000e+02,2.820000000000000000e+02,1.000000000000000000e+00,3.670000000000000000e+02,1.760000000000000000e+02,1.000000000000000000e+00,4.640000000000000000e+02,2.190000000000000000e+02,1.000000000000000000e+00,5.510000000000000000e+02,1.730000000000000000e+02,1.000000000000000000e+00,3.030000000000000000e+02,3.790000000000000000e+02,1.000000000000000000e+00,2.580000000000000000e+02,3.810000000000000000e+02,1.000000000000000000e+00,2.700921630859375000e+02,5.280477905273437500e+02,0.000000000000000000e+00,-2.261076354980468750e+01,-6.865603637695312500e+01,0.000000000000000000e+00,3.470000000000000000e+02,3.800000000000000000e+02,1.000000000000000000e+00,3.522221679687500000e+02,5.147983398437500000e+02,0.000000000000000000e+00,-2.261076354980468750e+01,-6.865603637695312500e+01,0.000000000000000000e+00,2.930000000000000000e+02,8.900000000000000000e+01,1.000000000000000000e+00,3.190000000000000000e+02,9.000000000000000000e+01,1.000000000000000000e+00,2.740000000000000000e+02,1.000000000000000000e+02,1.000000000000000000e+00,3.370000000000000000e+02,1.000000000000000000e+02,1.000000000000000000e+00,-2.261076354980468750e+01,-6.865603637695312500e+01,0.000000000000000000e+00,-2.261076354980468750e+01,-6.865603637695312500e+01,0.000000000000000000e+00,-2.261076354980468750e+01,-6.865603637695312500e+01,0.000000000000000000e+00,-2.261076354980468750e+01,-6.865603637695312500e+01,0.000000000000000000e+00,-2.261076354980468750e+01,-6.865603637695312500e+01,0.000000000000000000e+00,-2.261076354980468750e+01,-6.865603637695312500e+01,0.000000000000000000e+00,1.096948283934200186e+00,1.995556319040133308e+00,2.237954291675061214e+00,2.638330970323267799e+00
3.080000000000000000e+02,1.020000000000000000e+02,1.000000000000000000e+00,3.090000000000000000e+02,1.810000000000000000e+02,1.000000000000000000e+00,2.480000000000000000e+02,1.820000000000000000e+02,1.000000000000000000e+00,2.030000000000000000e+02,2.820000000000000000e+02,1.000000000000000000e+00,2.640000000000000000e+02,2.860000000000000000e+02,1.000000000000000000e+00,3.670000000000000000e+02,1.760000000000000000e+02,1.000000000000000000e+00,4.640000000000000000e+02,2.180000000000000000e+02,1.000000000000000000e+00,5.510000000000000000e+02,1.720000000000000000e+02,1.000000000000000000e+00,3.030000000000000000e+02,3.790000000000000000e+02,1.000000000000000000e+00,2.570000000000000000e+02,3.810000000000000000e+02,1.000000000000000000e+00,2.699914550781250000e+02,5.273941040039062500e+02,0.000000000000000000e+00,-2.287440490722656250e+01,-6.870191955566406250e+01,0.000000000000000000e+00,3.440000000000000000e+02,3.800000000000000000e+02,1.000000000000000000e+00,3.520423889160156250e+02,5.143132324218750000e+02,0.000000000000000000e+00,-2.287440490722656250e+01,-6.870191955566406250e+01,0.000000000000000000e+00,2.930000000000000000e+02,8.900000000000000000e+01,1.000000000000000000e+00,3.190000000000000000e+02,9.000000000000000000e+01,1.000000000000000000e+00,2.740000000000000000e+02,1.000000000000000000e+02,1.000000000000000000e+00,3.370000000000000000e+02,1.000000000000000000e+02,1.000000000000000000e+00,-2.287440490722656250e+01,-6.870191955566406250e+01,0.000000000000000000e+00,-2.287440490722656250e+01,-6.870191955566406250e+01,0.000000000000000000e+00,-2.287440490722656250e+01,-6.870191955566406250e+01,0.000000000000000000e+00,-2.287440490722656250e+01,-6.870191955566406250e+01,0.000000000000000000e+00,-2.287440490722656250e+01,-6.870191955566406250e+01,0.000000000000000000e+00,-2.287440490722656250e+01,-6.870191955566406250e+01,0.000000000000000000e+00,1.213422425585420683e+00,2.010042227235842471e+00,2.246603206640197303e+00,2.646979885288403889e+00
3.080000000000000000e+02,1.020000000000000000e+02,1.000000000000000000e+00,3.090000000000000000e+02,1.810000000000000000e+02,1.000000000000000000e+00,2.480000000000000000e+02,1.820000000000000000e+02,1.000000000000000000e+00,2.040000000000000000e+02,2.790000000000000000e+02,1.000000000000000000e+00,2.650000000000000000e+02,2.870000000000000000e+02,1.000000000000000000e+00,3.670000000000000000e+02,1.760000000000000000e+02,1.000000000000000000e+00,4.640000000000000000e+02,2.170000000000000000e+02,1.000000000000000000e+00,5.510000000000000000e+02,1.710000000000000000e+02,1.000000000000000000e+00,2.980000000000000000e+02,3.790000000000000000e+02,1.000000000000000000e+00,2.550000000000000000e+02,3.820000000000000000e+02,1.000000000000000000e+00,2.701403503417968750e+02,5.280550537109375000e+02,0.000000000000000000e+00,-2.316337585449218750e+01,-6.894973754882812500e+01,0.000000000000000000e+00,3.440000000000000000e+02,3.800000000000000000e+02,1.000000000000000000e+00,3.520414123535156250e+02,5.142883300781250000e+02,0.000000000000000000e+00,-2.316337585449218750e+01,-6.894973754882812500e+01,0.000000000000000000e+00,2.930000000000000000e+02,8.900000000000000000e+01,1.000000000000000000e+00,3.190000000000000000e+02,9.000000000000000000e+01,1.000000000000000000e+00,2.740000000000000000e+02,1.000000000000000000e+02,1.000000000000000000e+00,3.370000000000000000e+02,1.000000000000000000e+02,1.000000000000000000e+00,-2.316337585449218750e+01,-6.894973754882812500e+01,0.000000000000000000e+00,-2.316337585449218750e+01,-6.894973754882812500e+01,0.000000000000000000e+00,-2.316337585449218750e+01,-6.894973754882812500e+01,0.000000000000000000e+00,-2.316337585449218750e+01,-6.894973754882812500e+01,0.000000000000000000e+00,-2.316337585449218750e+01,-6.894973754882812500e+01,0.000000000000000000e+00,-2.316337585449218750e+01,-6.894973754882812500e+01,0.000000000000000000e+00,1.275349142177788497e+00,2.013038793609143617e+00,2.255317387279227148e+00,2.655694065927433734e+00
3.080000000000000000e+02,1.010000000000000000e+02,1.000000000000000000e+00,3.090000000000000000e+02,1.810000000000000000e+02,1.000000000000000000e+00,2.480000000000000000e+02,1.810000000000000000e+02,1.000000000000000000e+00,2.030000000000000000e+02,2.760000000000000000e+02,1.000000000000000000e+00,2.600000000000000000e+02,2.810000000000000000e+02,1.000000000000000000e+00,3.670000000000000000e+02,1.760000000000000000e+02,1.000000000000000000e+00,4.640000000000000000e+02,2.160000000000000000e+02,1.000000000000000000e+00,5.510000000000000000e+02,1.700000000000000000e+02,1.000000000000000000e+00,3.020000000000000000e+02,3.860000000000000000e+02,1.000000000000000000e+00,2.580000000000000000e+02,3.840000000000000000e+02,1.000000000000000000e+00,2.702230834960937500e+02,5.278283691406250000e+02,0.000000000000000000e+00,-2.363677978515625000e+01,-6.923153686523437500e+01,0.000000000000000000e+00,3.450000000000000000e+02,3.830000000000000000e+02,1.000000000000000000e+00,3.521175537109375000e+02,5.145057373046875000e+02,0.000000000000000000e+00,-2.363677978515625000e+01,-6.923153686523437500e+01,0.000000000000000000e+00,2.930000000000000000e+02,8.900000000000000000e+01,1.000000000000000000e+00,3.190000000000000000e+02,8.900000000000000000e+01,1.000000000000000000e+00,2.740000000000000000e+02,1.000000000000000000e+02,1.000000000000000000e+00,3.370000000000000000e+02,1.000000000000000000e+02,1.000000000000000000e+00,-2.363677978515625000e+01,-6.923153686523437500e+01,0.000000000000000000e+00,-2.363677978515625000e+01,-6.923153686523437500e+01,0.000000000000000000e+00,-2.363677978515625000e+01,-6.923153686523437500e+01,0.000000000000000000e+00,-2.363677978515625000e+01,-6.923153686523437500e+01,0.000000000000000000e+00,-2.363677978515625000e+01,-6.923153686523437500e+01,0.000000000000000000e+00,-2.363677978515625000e+01,-6.923153686523437500e+01,0.000000000000000000e+00,1.215917444620542964e+00,2.013170549771641671e+00,2.264096236778316840e+00,2.664472915426523425e+00
3.080000000000000000e+02,1.000000000000000000e+02,1.000000000000000000e+00,3.090000000000000000e+02,1.810000000000000000e+02,1.000000000000000000e+00,2.480000000000000000e+02,1.810000000000000000e+02,1.000000000000000000e+00,1.990000000000000000e+02,2.720000000000000000e+02,1.000000000000000000e+00,2.570000000000000000e+02,2.700000000000000000e+02,1.000000000000000000e+00,3.670000000000000000e+02,1.760000000000000000e+02,1.000000000000000000e+00,4.650000000000000000e+02,2.150000000000000000e+02,1.000000000000000000e+00,5.510000000000000000e+02,1.690000000000000000e+02,1.000000000000000000e+00,3.020000000000000000e+02,3.820000000000000000e+02,1.000000000000000000e+00,2.580000000000000000e+02,3.810000000000000000e+02,1.000000000000000000e+00,2.701342773437500000e+02,5.281405029296875000e+02,0.000000000000000000e+00,-2.321554565429687500e+01,-6.844203186035156250e+01,0.000000000000000000e+00,3.460000000000000000e+02,3.810000000000000000e+02,1.000000000000000000e+00,3.523625488281250000e+02,5.143754882812500000e+02,0.000000000000000000e+00,-2.321554565429687500e+01,-6.844203186035156250e+01,0.000000000000000000e+00,2.930000000000000000e+02,8.900000000000000000e+01,1.000000000000000000e+00,3.190000000000000000e+02,8.800000000000000000e+01,1.000000000000000000e+00,2.740000000000000000e+02,1.000000000000000000e+02,1.000000000000000000e+00,3.370000000000000000e+02,9.900000000000000000e+01,1.000000000000000000e+00,-2.321554565429687500e+01,-6.844203186035156250e+01,0.000000000000000000e+00,-2.321554565429687500e+01,-6.844203186035156250e+01,0.000000000000000000e+00,-2.321554565429687500e+01,-6.844203186035156250e+01,0.000000000000000000e+00,-2.321554565429687500e+01,-6.844203186035156250e+01,0.000000000000000000e+00,-2.321554565429687500e+01,-6.844203186035156250e+01,0.000000000000000000e+00,-2.321554565429687500e+01,-6.844203186035156250e+01,0.000000000000000000e+00,1.042385856875807315e+00,2.064737695714478072e+00,2.271683239752448458e+00,2.676852546844468161e+00
3.080000000000000000e+02,9.900000000000000000e+01,1.000000000000000000e+00,3.090000000000000000e+02,1.810000000000000000e+02,1.000000000000000000e+00,2.480000000000000000e+02,1.800000000000000000e+02,1.000000000000000000e+00,1.970000000000000000e+02,2.690000000000000000e+02,1.000000000000000000e+00,2.460000000000000000e+02,2.600000000000000000e+02,1.000000000000000000e+00,3.670000000000000000e+02,1.760000000000000000e+02,1.000000000000000000e+00,4.650000000000000000e+02,2.140000000000000000e+02,1.000000000000000000e+00,5.510000000000000000e+02,1.680000000000000000e+02,1.000000000000000000e+00,3.030000000000000000e+02,3.820000000000000000e+02,1.000000000000000000e+00,2.550000000000000000e+02,3.810000000000000000e+02,1.000000000000000000e+00,2.703745117187500000e+02,5.263754882812500000e+02,0.000000000000000000e+00,-2.312208557128906250e+01,-6.854261779785156250e+01,0.000000000000000000e+00,3.460000000000000000e+02,3.810000000000000000e+02,1.000000000000000000e+00,3.523242187500000000e+02,5.140418701171875000e+02,0.000000000000000000e+00,-2.312208557128906250e+01,-6.854261779785156250e+01,0.000000000000000000e+00,2.930000000000000000e+02,8.800000000000000000e+01,1.000000000000000000e+00,3.190000000000000000e+02,8.700000000000000000e+01,1.000000000000000000e+00,2.740000000000000000e+02,9.900000000000000000e+01,1.000000000000000000e+00,3.370000000000000000e+02,9.900000000000000000e+01,1.000000000000000000e+00,-2.312208557128906250e+01,-6.854261779785156250e+01,0.000000000000000000e+00,-2.312208557128906250e+01,-6.854261779785156250e+01,0.000000000000000000e+00,-2.312208557128906250e+01,-6.854261779785156250e+01,0.000000000000000000e+00,-2.312208557128906250e+01,-6.854261779785156250e+01,0.000000000000000000e+00,-2.312208557128906250e+01,-6.854261779785156250e+01,0.000000000000000000e+00,-2.312208557128906250e+01,-6.854261779785156250e+01,0.000000000000000000e+00,8.687921932948907688e-01,2.074759655986885054e+00,2.280522987846975269e+00,2.685692294938994973e+00
3.080000000000000000e+02,9.800000000000000000e+01,1.000000000000000000e+00,3.090000000000000000e+02,1.810000000000000000e+02,1.000000000000000000e+00,2.480000000000000000e+02,1.790000000000000000e+02,1.000000000000000000e+00,2.010000000000000000e+02,2.840000000000000000e+02,1.000000000000000000e+00,2.490000000000000000e+02,2.440000000000000000e+02,1.000000000000000000e+00,3.670000000000000000e+02,1.760000000000000000e+02,1.000000000000000000e+00,4.650000000000000000e+02,2.140000000000000000e+02,1.000000000000000000e+00,5.510000000000000000e+02,1.670000000000000000e+02,1.000000000000000000e+00,3.020000000000000000e+02,3.790000000000000000e+02,1.000000000000000000e+00,2.550000000000000000e+02,3.810000000000000000e+02,1.000000000000000000e+00,2.705688171386718750e+02,5.267345581054687500e+02,0.000000000000000000e+00,-2.363537597656250000e+01,-6.901521301269531250e+01,0.000000000000000000e+00,3.460000000000000000e+02,3.790000000000000000e+02,1.000000000000000000e+00,3.526073608398437500e+02,5.138345947265625000e+02,0.000000000000000000e+00,-2.363537597656250000e+01,-6.901521301269531250e+01,0.000000000000000000e+00,2.930000000000000000e+02,8.700000000000000000e+01,1.000000000000000000e+00,3.190000000000000000e+02,8.600000000000000000e+01,1.000000000000000000e+00,2.740000000000000000e+02,9.800000000000000000e+01,1.000000000000000000e+00,3.370000000000000000e+02,9.900000000000000000e+01,1.000000000000000000e+00,-2.363537597656250000e+01,-6.901521301269531250e+01,0.000000000000000000e+00,-2.363537597656250000e+01,-6.901521301269531250e+01,0.000000000000000000e+00,-2.363537597656250000e+01,-6.901521301269531250e+01,0.000000000000000000e+00,-2.363537597656250000e+01,-6.901521301269531250e+01,0.000000000000000000e+00,-2.363537597656250000e+01,-6.901521301269531250e+01,0.000000000000000000e+00,-2.363537597656250000e+01,-6.901521301269531250e+01,0.000000000000000000e+00,4.551858896076795835e-01,1.958893343381334695e+00,2.271525532385552992e+00,2.685692294938994973e+00
3.080000000000000000e+02,9.700000000000000000e+01,1.000000000000000000e+00,3.090000000000000000e+02,1.810000000000000000e+02,1.000000000000000000e+00,2.480000000000000000e+02,1.790000000000000000e+02,1.000000000000000000e+00,2.070000000000000000e+02,2.940000000000000000e+02,1.000000000000000000e+00,2.020000000000000000e+02,2.760000000000000000e+02,1.000000000000000000e+00,3.670000000000000000e+02,1.760000000000000000e+02,1.000000000000000000e+00,4.650000000000000000e+02,2.140000000000000000e+02,1.000000000000000000e+00,5.510000000000000000e+02,1.670000000000000000e+02,1.000000000000000000e+00,3.020000000000000000e+02,3.790000000000000000e+02,1.000000000000000000e+00,2.560000000000000000e+02,3.810000000000000000e+02,1.000000000000000000e+00,2.705476379394531250e+02,5.268970947265625000e+02,0.000000000000000000e+00,-2.317466735839843750e+01,-6.842938232421875000e+01,0.000000000000000000e+00,3.460000000000000000e+02,3.790000000000000000e+02,1.000000000000000000e+00,3.526362304687500000e+02,5.130233154296875000e+02,0.000000000000000000e+00,-2.317466735839843750e+01,-6.842938232421875000e+01,0.000000000000000000e+00,2.930000000000000000e+02,8.600000000000000000e+01,1.000000000000000000e+00,3.190000000000000000e+02,8.500000000000000000e+01,1.000000000000000000e+00,2.740000000000000000e+02,9.700000000000000000e+01,1.000000000000000000e+00,3.370000000000000000e+02,9.800000000000000000e+01,1.000000000000000000e+00,-2.317466735839843750e+01,-6.842938232421875000e+01,0.000000000000000000e+00,-2.317466735839843750e+01,-6.842938232421875000e+01,0.000000000000000000e+00,-2.317466735839843750e+01,-6.842938232421875000e+01,0.000000000000000000e+00,-2.317466735839843750e+01,-6.842938232421875000e+01,0.000000000000000000e+00,-2.317466735839843750e+01,-6.842938232421875000e+01,0.000000000000000000e+00,-2.317466735839843750e+01,-6.842938232421875000e+01,0.000000000000000000e+00,6.134198266275467937e-01,1.880494158679946848e+00,2.271525532385552992e+00,2.685692294938994973e+00
3.080000000000000000e+02,9.600000000000000000e+01,1.000000000000000000e+00,3.090000000000000000e+02,1.810000000000000000e+02,1.000000000000000000e+00,2.480000000000000000e+02,1.790000000000000000e+02,1.000000000000000000e+00,2.080000000000000000e+02,2.950000000000000000e+02,1.000000000000000000e+00,2.030000000000000000e+02,2.740000000000000000e+02,1.000000000000000000e+00,3.670000000000000000e+02,1.760000000000000000e+02,1.000000000000000000e+00,4.650000000000000000e+02,2.140000000000000000e+02,1.000000000000000000e+00,5.510000000000000000e+02,1.670000000000000000e+02,1.000000000000000000e+00,3.020000000000000000e+02,3.790000000000000000e+02,1.000000000000000000e+00,2.580000000000000000e+02,3.810000000000000000e+02,1.000000000000000000e+00,2.705854187011718750e+02,5.270484619140625000e+02,0.000000000000000000e+00,-2.439389038085937500e+01,-6.972624206542968750e+01,0.000000000000000000e+00,3.460000000000000000e+02,3.790000000000000000e+02,1.000000000000000000e+00,3.525934753417968750e+02,5.129998779296875000e+02,0.000000000000000000e+00,-2.439389038085937500e+01,-6.972624206542968750e+01,0.000000000000000000e+00,2.930000000000000000e+02,8.500000000000000000e+01,1.000000000000000000e+00,3.190000000000000000e+02,8.400000000000000000e+01,1.000000000000000000e+00,2.740000000000000000e+02,9.600000000000000000e+01,1.000000000000000000e+00,3.370000000000000000e+02,9.800000000000000000e+01,1.000000000000000000e+00,-2.439389038085937500e+01,-6.972624206542968750e+01,0.000000000000000000e+00,-2.439389038085937500e+01,-6.972624206542968750e+01,0.000000000000000000e+00,-2.439389038085937500e+01,-6.972624206542968750e+01,0.000000000000000000e+00,-2.439389038085937500e+01,-6.972624206542968750e+01,0.000000000000000000e+00,-2.439389038085937500e+01,-6.972624206542968750e+01,0.000000000000000000e+00,-2.439389038085937500e+01,-6.972624206542968750e+01,0.000000000000000000e+00,5.658026484117869570e-01,1.870080649933706374e+00,2.271525532385552992e+00,2.685692294938994973e+00
3.080000000000000000e+02,9.600000000000000000e+01,1.000000000000000000e+00,3.080000000000000000e+02,1.810000000000000000e+02,1.000000000000000000e+00,2.480000000000000000e+02,1.790000000000000000e+02,1.000000000000000000e+00,2.120000000000000000e+02,2.960000000000000000e+02,1.000000000000000000e+00,2.090000000000000000e+02,2.780000000000000000e+02,1.000000000000000000e+00,3.670000000000000000e+02,1.760000000000000000e+02,1.000000000000000000e+00,4.650000000000000000e+02,2.140000000000000000e+02,1.000000000000000000e+00,5.390000000000000000e+02,1.690000000000000000e+02,1.000000000000000000e+00,3.020000000000000000e+02,3.790000000000000000e+02,1.000000000000000000e+00,2.590000000000000000e+02,3.810000000000000000e+02,1.000000000000000000e+00,2.706463012695312500e+02,5.270751953125000000e+02,0.000000000000000000e+00,-2.357629394531250000e+01,-6.954360961914062500e+01,0.000000000000000000e+00,3.460000000000000000e+02,3.790000000000000000e+02,1.000000000000000000e+00,3.525800476074218750e+02,5.134316406250000000e+02,0.000000000000000000e+00,-2.357629394531250000e+01,-6.954360961914062500e+01,0.000000000000000000e+00,2.930000000000000000e+02,8.500000000000000000e+01,1.000000000000000000e+00,3.190000000000000000e+02,8.400000000000000000e+01,1.000000000000000000e+00,2.740000000000000000e+02,9.600000000000000000e+01,1.000000000000000000e+00,3.370000000000000000e+02,9.800000000000000000e+01,1.000000000000000000e+00,-2.357629394531250000e+01,-6.954360961914062500e+01,0.000000000000000000e+00,-2.357629394531250000e+01,-6.954360961914062500e+01,0.000000000000000000e+00,-2.357629394531250000e+01,-6.954360961914062500e+01,0.000000000000000000e+00,-2.357629394531250000e+01,-6.954360961914062500e+01,0.000000000000000000e+00,-2.357629394531250000e+01,-6.954360961914062500e+01,0.000000000000000000e+00,-2.357629394531250000e+01,-6.954360961914062500e+01,0.000000000000000000e+00,4.636476090008061490e-01,1.835974262502828580e+00,2.225326561684256355e+00,2.687142830620237621e+00
3.080000000000000000e+02,9.600000000000000000e+01,1.000000000000000000e+00,3.070000000000000000e+02,1.810000000000000000e+02,1.000000000000000000e+00,2.470000000000000000e+02,1.790000000000000000e+02,1.000000000000000000e+00,2.150000000000000000e+02,2.980000000000000000e+02,1.000000000000000000e+00,2.400000000000000000e+02,2.200000000000000000e+02,1.000000000000000000e+00,3.670000000000000000e+02,1.760000000000000000e+02,1.000000000000000000e+00,4.650000000000000000e+02,2.150000000000000000e+02,1.000000000000000000e+00,5.390000000000000000e+02,1.700000000000000000e+02,1.000000000000000000e+00,3.020000000000000000e+02,3.790000000000000000e+02,1.000000000000000000e+00,2.610000000000000000e+02,3.810000000000000000e+02,1.000000000000000000e+00,2.706050415039062500e+02,5.281585693359375000e+02,0.000000000000000000e+00,-2.531886291503906250e+01,-7.058836364746093750e+01,0.000000000000000000e+00,3.460000000000000000e+02,3.790000000000000000e+02,1.000000000000000000e+00,3.525321044921875000e+02,5.135272827148437500e+02,0.000000000000000000e+00,-2.531886291503906250e+01,-7.058836364746093750e+01,0.000000000000000000e+00,2.930000000000000000e+02,8.500000000000000000e+01,1.000000000000000000e+00,3.190000000000000000e+02,8.400000000000000000e+01,1.000000000000000000e+00,2.740000000000000000e+02,9.600000000000000000e+01,1.000000000000000000e+00,3.370000000000000000e+02,9.800000000000000000e+01,1.000000000000000000e+00,-2.531886291503906250e+01,-7.058836364746093750e+01,0.000000000000000000e+00,-2.531886291503906250e+01,-7.058836364746093750e+01,0.000000000000000000e+00,-2.531886291503906250e+01,-7.058836364746093750e+01,0.000000000000000000e+00,-2.531886291503906250e+01,-7.058836364746093750e+01,0.000000000000000000e+00,-2.531886291503906250e+01,-7.058836364746093750e+01,0.000000000000000000e+00,-2.531886291503906250e+01,-7.058836364746093750e+01,0.000000000000000000e+00,4.747471547527457036e-02,1.800168676229358500e+00,2.216486813589729987e+00,2.679705606150267538e+00
3.080000000000000000e+02,9.600000000000000000e+01,1.000000000000000000e+00,3.070000000000000000e+02,1.810000000000000000e+02,1.000000000000000000e+00,2.470000000000000000e+02,1.800000000000000000e+02,1.000000000000000000e+00,2.160000000000000000e+02,2.990000000000000000e+02,1.000000000000000000e+00,2.450000000000000000e+02,2.280000000000000000e+02,1.000000000000000000e+00,3.670000000000000000e+02,1.760000000000000000e+02,1.000000000000000000e+00,4.650000000000000000e+02,2.160000000000000000e+02,1.000000000000000000e+00,5.430000000000000000e+02,1.700000000000000000e+02,1.000000000000000000e+00,3.020000000000000000e+02,3.790000000000000000e+02,1.000000000000000000e+00,2.580000000000000000e+02,3.800000000000000000e+02,1.000000000000000000e+00,2.704754333496093750e+02,5.286038208007812500e+02,0.000000000000000000e+00,-2.526986694335937500e+01,-7.078044128417968750e+01,0.000000000000000000e+00,3.470000000000000000e+02,3.790000000000000000e+02,1.000000000000000000e+00,3.524921569824218750e+02,5.138217163085937500e+02,0.000000000000000000e+00,-2.526986694335937500e+01,-7.078044128417968750e+01,0.000000000000000000e+00,2.930000000000000000e+02,8.500000000000000000e+01,1.000000000000000000e+00,3.190000000000000000e+02,8.400000000000000000e+01,1.000000000000000000e+00,2.740000000000000000e+02,9.600000000000000000e+01,1.000000000000000000e+00,3.370000000000000000e+02,9.800000000000000000e+01,1.000000000000000000e+00,-2.526986694335937500e+01,-7.078044128417968750e+01,0.000000000000000000e+00,-2.526986694335937500e+01,-7.078044128417968750e+01,0.000000000000000000e+00,-2.526986694335937500e+01,-7.078044128417968750e+01,0.000000000000000000e+00,-2.526986694335937500e+01,-7.078044128417968750e+01,0.000000000000000000e+00,-2.526986694335937500e+01,-7.078044128417968750e+01,0.000000000000000000e+00,-2.526986694335937500e+01,-7.078044128417968750e+01,0.000000000000000000e+00,1.329298955073183186e-01,1.808971479448956643e+00,2.221224960190125497e+00,2.670927615921073084e+00
3.080000000000000000e+02,9.600000000000000000e+01,1.000000000000000000e+00,3.060000000000000000e+02,1.810000000000000000e+02,1.000000000000000000e+00,2.450000000000000000e+02,1.840000000000000000e+02,1.000000000000000000e+00,2.150000000000000000e+02,2.990000000000000000e+02,1.000000000000000000e+00,2.510000000000000000e+02,2.380000000000000000e+02,1.000000000000000000e+00,3.670000000000000000e+02,1.760000000000000000e+02,1.000000000000000000e+00,4.650000000000000000e+02,2.170000000000000000e+02,1.000000000000000000e+00,5.470000000000000000e+02,1.690000000000000000e+02,1.000000000000000000e+00,3.020000000000000000e+02,3.790000000000000000e+02,1.000000000000000000e+00,2.580000000000000000e+02,3.800000000000000000e+02,1.000000000000000000e+00,2.704756774902343750e+02,5.282438964843750000e+02,0.000000000000000000e+00,-2.514578247070312500e+01,-7.087615966796875000e+01,0.000000000000000000e+00,3.470000000000000000e+02,3.790000000000000000e+02,1.000000000000000000e+00,3.524189453125000000e+02,5.140379028320312500e+02,0.000000000000000000e+00,-2.514578247070312500e+01,-7.087615966796875000e+01,0.000000000000000000e+00,2.930000000000000000e+02,8.500000000000000000e+01,1.000000000000000000e+00,3.190000000000000000e+02,8.400000000000000000e+01,1.000000000000000000e+00,2.740000000000000000e+02,9.600000000000000000e+01,1.000000000000000000e+00,3.370000000000000000e+02,9.800000000000000000e+01,1.000000000000000000e+00,-2.514578247070312500e+01,-7.087615966796875000e+01,0.000000000000000000e+00,-2.514578247070312500e+01,-7.087615966796875000e+01,0.000000000000000000e+00,-2.514578247070312500e+01,-7.087615966796875000e+01,0.000000000000000000e+00,-2.514578247070312500e+01,-7.087615966796875000e+01,0.000000000000000000e+00,-2.514578247070312500e+01,-7.087615966796875000e+01,0.000000000000000000e+00,-2.514578247070312500e+01,-7.087615966796875000e+01,0.000000000000000000e+00,2.779733148868115400e-01,1.875119451831735118e+00,2.215763710197192982e+00,2.663568928361273347e+00
3.080000000000000000e+02,9.600000000000000000e+01,1.000000000000000000e+00,3.080000000000000000e+02,1.810000000000000000e+02,1.000000000000000000e+00,2.460000000000000000e+02,1.850000000000000000e+02,1.000000000000000000e+00,2.110000000000000000e+02,2.980000000000000000e+02,1.000000000000000000e+00,2.600000000000000000e+02,2.550000000000000000e+02,1.000000000000000000e+00,3.670000000000000000e+02,1.760000000000000000e+02,1.000000000000000000e+00,4.650000000000000000e+02,2.180000000000000000e+02,1.000000000000000000e+00,5.500000000000000000e+02,1.690000000000000000e+02,1.000000000000000000e+00,3.020000000000000000e+02,3.790000000000000000e+02,1.000000000000000000e+00,2.590000000000000000e+02,3.800000000000000000e+02,1.000000000000000000e+00,2.699456787109375000e+02,5.289155273437500000e+02,0.000000000000000000e+00,-2.460003662109375000e+01,-7.014888000488281250e+01,0.000000000000000000e+00,3.470000000000000000e+02,3.790000000000000000e+02,1.000000000000000000e+00,3.523452758789062500e+02,5.152735595703125000e+02,0.000000000000000000e+00,-2.460003662109375000e+01,-7.014888000488281250e+01,0.000000000000000000e+00,2.930000000000000000e+02,8.500000000000000000e+01,1.000000000000000000e+00,3.190000000000000000e+02,8.400000000000000000e+01,1.000000000000000000e+00,2.740000000000000000e+02,9.600000000000000000e+01,1.000000000000000000e+00,3.370000000000000000e+02,9.800000000000000000e+01,1.000000000000000000e+00,-2.460003662109375000e+01,-7.014888000488281250e+01,0.000000000000000000e+00,-2.460003662109375000e+01,-7.014888000488281250e+01,0.000000000000000000e+00,-2.460003662109375000e+01,-7.014888000488281250e+01,0.000000000000000000e+00,-2.460003662109375000e+01,-7.014888000488281250e+01,0.000000000000000000e+00,-2.460003662109375000e+01,-7.014888000488281250e+01,0.000000000000000000e+00,-2.460003662109375000e+01,-7.014888000488281250e+01,0.000000000000000000e+00,5.501598851869216045e-01,1.935586607765362732e+00,2.213762103733537767e+00,2.652157111791711319e+00
3.080000000000000000e+02,9.600000000000000000e+01,1.000000000000000000e+00,3.080000000000000000e+02,1.810000000000000000e+02,1.000000000000000000e+00,2.460000000000000000e+02,1.850000000000000000e+02,1.000000000000000000e+00,1.990000000000000000e+02,2.840000000000000000e+02,1.000000000000000000e+00,2.660000000000000000e+02,2.690000000000000000e+02,1.000000000000000000e+00,3.670000000000000000e+02,1.760000000000000000e+02,1.000000000000000000e+00,4.650000000000000000e+02,2.190000000000000000e+02,1.000000000000000000e+00,5.500000000000000000e+02,1.700000000000000000e+02,1.000000000000000000e+00,3.010000000000000000e+02,3.790000000000000000e+02,1.000000000000000000e+00,2.590000000000000000e+02,3.800000000000000000e+02,1.000000000000000000e+00,2.698768920898437500e+02,5.289527587890625000e+02,0.000000000000000000e+00,-2.506942749023437500e+01,-6.982490539550781250e+01,0.000000000000000000e+00,3.470000000000000000e+02,3.790000000000000000e+02,1.000000000000000000e+00,3.523464050292968750e+02,5.149634399414062500e+02,0.000000000000000000e+00,-2.506942749023437500e+01,-6.982490539550781250e+01,0.000000000000000000e+00,2.930000000000000000e+02,8.500000000000000000e+01,1.000000000000000000e+00,3.190000000000000000e+02,8.400000000000000000e+01,1.000000000000000000e+00,2.740000000000000000e+02,9.600000000000000000e+01,1.000000000000000000e+00,3.370000000000000000e+02,9.800000000000000000e+01,1.000000000000000000e+00,-2.506942749023437500e+01,-6.982490539550781250e+01,0.000000000000000000e+00,-2.506942749023437500e+01,-6.982490539550781250e+01,0.000000000000000000e+00,-2.506942749023437500e+01,-6.982490539550781250e+01,0.000000000000000000e+00,-2.506942749023437500e+01,-6.982490539550781250e+01,0.000000000000000000e+00,-2.506942749023437500e+01,-6.982490539550781250e+01,0.000000000000000000e+00,-2.506942749023437500e+01,-6.982490539550781250e+01,0.000000000000000000e+00,9.073053250899395517e-01,2.078465444534718376e+00,2.205173357871954121e+00,2.643568365930128117e+00
3.080000000000000000e+02,9.600000000000000000e+01,1.000000000000000000e+00,3.080000000000000000e+02,1.810000000000000000e+02,1.000000000000000000e+00,2.460000000000000000e+02,1.850000000000000000e+02,1.000000000000000000e+00,1.980000000000000000e+02,2.830000000000000000e+02,1.000000000000000000e+00,2.620000000000000000e+02,2.840000000000000000e+02,1.000000000000000000e+00,3.670000000000000000e+02,1.760000000000000000e+02,1.000000000000000000e+00,4.650000000000000000e+02,2.190000000000000000e+02,1.000000000000000000e+00,5.500000000000000000e+02,1.710000000000000000e+02,1.000000000000000000e+00,3.020000000000000000e+02,3.790000000000000000e+02,1.000000000000000000e+00,2.570000000000000000e+02,3.800000000000000000e+02,1.000000000000000000e+00,2.697841186523437500e+02,5.293045654296875000e+02,0.000000000000000000e+00,-2.463450622558593750e+01,-6.961146545410156250e+01,0.000000000000000000e+00,3.480000000000000000e+02,3.790000000000000000e+02,1.000000000000000000e+00,3.526137084960937500e+02,5.154909057617187500e+02,0.000000000000000000e+00,-2.463450622558593750e+01,-6.961146545410156250e+01,0.000000000000000000e+00,2.930000000000000000e+02,8.500000000000000000e+01,1.000000000000000000e+00,3.190000000000000000e+02,8.400000000000000000e+01,1.000000000000000000e+00,2.740000000000000000e+02,9.600000000000000000e+01,1.000000000000000000e+00,3.370000000000000000e+02,9.800000000000000000e+01,1.000000000000000000e+00,-2.463450622558593750e+01,-6.961146545410156250e+01,0.000000000000000000e+00,-2.463450622558593750e+01,-6.961146545410156250e+01,0.000000000000000000e+00,-2.463450622558593750e+01,-6.961146545410156250e+01,0.000000000000000000e+00,-2.463450622558593750e+01,-6.961146545410156250e+01,0.000000000000000000e+00,-2.463450622558593750e+01,-6.961146545410156250e+01,0.000000000000000000e+00,-2.463450622558593750e+01,-6.961146545410156250e+01,0.000000000000000000e+00,1.130968984164479885e+00,2.090674237471343844e+00,2.214048555553498776e+00,2.643568365930128117e+00
3.080000000000000000e+02,9.600000000000000000e+01,1.000000000000000000e+00,3.080000000000000000e+02,1.810000000000000000e+02,1.000000000000000000e+00,2.460000000000000000e+02,1.850000000000000000e+02,1.000000000000000000e+00,2.000000000000000000e+02,2.810000000000000000e+02,1.000000000000000000e+00,2.650000000000000000e+02,2.940000000000000000e+02,1.000000000000000000e+00,3.670000000000000000e+02,1.760000000000000000e+02,1.000000000000000000e+00,4.650000000000000000e+02,2.190000000000000000e+02,1.000000000000000000e+00,5.500000000000000000e+02,1.720000000000000000e+02,1.000000000000000000e+00,3.030000000000000000e+02,3.790000000000000000e+02,1.000000000000000000e+00,2.580000000000000000e+02,3.820000000000000000e+02,1.000000000000000000e+00,2.698829956054687500e+02,5.297813110351562500e+02,0.000000000000000000e+00,-2.530645751953125000e+01,-7.099125671386718750e+01,0.000000000000000000e+00,3.430000000000000000e+02,3.790000000000000000e+02,1.000000000000000000e+00,3.525559997558593750e+02,5.160622558593750000e+02,0.000000000000000000e+00,-2.530645751953125000e+01,-7.099125671386718750e+01,0.000000000000000000e+00,2.930000000000000000e+02,8.500000000000000000e+01,1.000000000000000000e+00,3.190000000000000000e+02,8.400000000000000000e+01,1.000000000000000000e+00,2.740000000000000000e+02,9.600000000000000000e+01,1.000000000000000000e+00,3.370000000000000000e+02,9.800000000000000000e+01,1.000000000000000000e+00,-2.530645751953125000e+01,-7.099125671386718750e+01,0.000000000000000000e+00,-2.530645751953125000e+01,-7.099125671386718750e+01,0.000000000000000000e+00,-2.530645751953125000e+01,-7.099125671386718750e+01,0.000000000000000000e+00,-2.530645751953125000e+01,-7.099125671386718750e+01,0.000000000000000000e+00,-2.530645751953125000e+01,-7.099125671386718750e+01,0.000000000000000000e+00,-2.530645751953125000e+01,-7.099125671386718750e+01,0.000000000000000000e+00,1.321349418159013300e+00,2.082065634706214308e+00,2.223013614384128811e+00,2.643568365930128117e+00
3.080000000000000000e+02,9.600000000000000000e+01,1.000000000000000000e+00,3.080000000000000000e+02,1.810000000000000000e+02,1.000000000000000000e+00,2.470000000000000000e+02,1.850000000000000000e+02,1.000000000000000000e+00,2.000000000000000000e+02,2.720000000000000000e+02,1.000000000000000000e+00,2.630000000000000000e+02,3.030000000000000000e+02,1.000000000000000000e+00,3.670000000000000000e+02,1.760000000000000000e+02,1.000000000000000000e+00,4.650000000000000000e+02,2.200000000000000000e+02,1.000000000000000000e+00,5.500000000000000000e+02,1.720000000000000000e+02,1.000000000000000000e+00,3.000000000000000000e+02,3.820000000000000000e+02,1.000000000000000000e+00,2.600000000000000000e+02,3.820000000000000000e+02,1.000000000000000000e+00,2.695044250488281250e+02,5.290148315429687500e+02,0.000000000000000000e+00,-2.629283142089843750e+01,-7.101051330566406250e+01,0.000000000000000000e+00,3.440000000000000000e+02,3.810000000000000000e+02,1.000000000000000000e+00,3.521978454589843750e+02,5.156707763671875000e+02,0.000000000000000000e+00,-2.629283142089843750e+01,-7.101051330566406250e+01,0.000000000000000000e+00,2.930000000000000000e+02,8.500000000000000000e+01,1.000000000000000000e+00,3.190000000000000000e+02,8.400000000000000000e+01,1.000000000000000000e+00,2.740000000000000000e+02,9.600000000000000000e+01,1.000000000000000000e+00,3.370000000000000000e+02,9.800000000000000000e+01,1.000000000000000000e+00,-2.629283142089843750e+01,-7.101051330566406250e+01,0.000000000000000000e+00,-2.629283142089843750e+01,-7.101051330566406250e+01,0.000000000000000000e+00,-2.629283142089843750e+01,-7.101051330566406250e+01,0.000000000000000000e+00,-2.629283142089843750e+01,-7.101051330566406250e+01,0.000000000000000000e+00,-2.629283142089843750e+01,-7.101051330566406250e+01,0.000000000000000000e+00,-2.629283142089843750e+01,-7.101051330566406250e+01,0.000000000000000000e+00,1.532763364100619308e+00,2.131587582794781444e+00,2.205524057797948689e+00,2.635043868174577586e+00
3.080000000000000000e+02,9.600000000000000000e+01,1.000000000000000000e+00,3.080000000000000000e+02,1.810000000000000000e+02,1.000000000000000000e+00,2.480000000000000000e+02,1.850000000000000000e+02,1.000000000000000000e+00,2.000000000000000000e+02,2.780000000000000000e+02,1.000000000000000000e+00,2.530000000000000000e+02,3.100000000000000000e+02,1.000000000000000000e+00,3.670000000000000000e+02,1.760000000000000000e+02,1.000000000000000000e+00,4.630000000000000000e+02,2.200000000000000000e+02,1.000000000000000000e+00,5.490000000000000000e+02,1.730000000000000000e+02,1.000000000000000000e+00,2.960000000000000000e+02,3.820000000000000000e+02,1.000000000000000000e+00,2.630000000000000000e+02,3.840000000000000000e+02,1.000000000000000000e+00,2.698813781738281250e+02,5.300786743164062500e+02,0.000000000000000000e+00,-2.515155029296875000e+01,-7.006965637207031250e+01,0.000000000000000000e+00,3.440000000000000000e+02,3.810000000000000000e+02,1.000000000000000000e+00,3.521527709960937500e+02,5.159349975585937500e+02,0.000000000000000000e+00,-2.515155029296875000e+01,-7.006965637207031250e+01,0.000000000000000000e+00,2.930000000000000000e+02,8.500000000000000000e+01,1.000000000000000000e+00,3.190000000000000000e+02,8.400000000000000000e+01,1.000000000000000000e+00,2.740000000000000000e+02,9.600000000000000000e+01,1.000000000000000000e+00,3.370000000000000000e+02,9.800000000000000000e+01,1.000000000000000000e+00,-2.515155029296875000e+01,-7.006965637207031250e+01,0.000000000000000000e+00,-2.515155029296875000e+01,-7.006965637207031250e+01,0.000000000000000000e+00,-2.515155029296875000e+01,-7.006965637207031250e+01,0.000000000000000000e+00,-2.515155029296875000e+01,-7.006965637207031250e+01,0.000000000000000000e+00,-2.515155029296875000e+01,-7.006965637207031250e+01,0.000000000000000000e+00,-2.515155029296875000e+01,-7.006965637207031250e+01,0.000000000000000000e+00,1.637518483609017750e+00,2.113831910044427165e+00,2.211669320745422329e+00,2.627286618980106514e+00
3.080000000000000000e+02,9.500000000000000000e+01,1.000000000000000000e+00,3.080000000000000000e+02,1.810000000000000000e+02,1.000000000000000000e+00,2.480000000000000000e+02,1.850000000000000000e+02,1.000000000000000000e+00,1.980000000000000000e+02,2.790000000000000000e+02,1.000000000000000000e+00,2.470000000000000000e+02,3.140000000000000000e+02,1.000000000000000000e+00,3.670000000000000000e+02,1.760000000000000000e+02,1.000000000000000000e+00,4.630000000000000000e+02,2.210000000000000000e+02,1.000000000000000000e+00,5.500000000000000000e+02,1.720000000000000000e+02,1.000000000000000000e+00,3.040000000000000000e+02,3.800000000000000000e+02,1.000000000000000000e+00,2.600000000000000000e+02,3.780000000000000000e+02,1.000000000000000000e+00,2.699225463867187500e+02,5.299750976562500000e+02,0.000000000000000000e+00,-2.482856750488281250e+01,-6.995289611816406250e+01,0.000000000000000000e+00,3.440000000000000000e+02,3.810000000000000000e+02,1.000000000000000000e+00,3.521654052734375000e+02,5.151736450195312500e+02,0.000000000000000000e+00,-2.482856750488281250e+01,-6.995289611816406250e+01,0.000000000000000000e+00,2.930000000000000000e+02,8.400000000000000000e+01,1.000000000000000000e+00,3.190000000000000000e+02,8.300000000000000000e+01,1.000000000000000000e+00,2.740000000000000000e+02,9.500000000000000000e+01,1.000000000000000000e+00,3.370000000000000000e+02,9.700000000000000000e+01,1.000000000000000000e+00,-2.482856750488281250e+01,-6.995289611816406250e+01,0.000000000000000000e+00,-2.482856750488281250e+01,-6.995289611816406250e+01,0.000000000000000000e+00,-2.482856750488281250e+01,-6.995289611816406250e+01,0.000000000000000000e+00,-2.482856750488281250e+01,-6.995289611816406250e+01,0.000000000000000000e+00,-2.482856750488281250e+01,-6.995289611816406250e+01,0.000000000000000000e+00,-2.482856750488281250e+01,-6.995289611816406250e+01,0.000000000000000000e+00,1.702193458449970276e+00,2.126216844898468405e+00,2.190321079738178689e+00,2.618712338218837310e+00
3.080000000000000000e+02,9.400000000000000000e+01,1.000000000000000000e+00,3.080000000000000000e+02,1.810000000000000000e+02,1.000000000000000000e+00,2.470000000000000000e+02,1.850000000000000000e+02,1.000000000000000000e+00,1.990000000000000000e+02,2.800000000000000000e+02,1.000000000000000000e+00,2.430000000000000000e+02,3.180000000000000000e+02,1.000000000000000000e+00,3.670000000000000000e+02,1.760000000000000000e+02,1.000000000000000000e+00,4.630000000000000000e+02,2.240000000000000000e+02,1.000000000000000000e+00,5.490000000000000000e+02,1.720000000000000000e+02,1.000000000000000000e+00,3.060000000000000000e+02,3.760000000000000000e+02,1.000000000000000000e+00,2.620000000000000000e+02,3.700000000000000000e+02,1.000000000000000000e+00,2.699817810058593750e+02,5.301228027343750000e+02,0.000000000000000000e+00,-2.632221984863281250e+01,-7.020896911621093750e+01,0.000000000000000000e+00,3.450000000000000000e+02,3.790000000000000000e+02,1.000000000000000000e+00,3.522334594726562500e+02,5.147629394531250000e+02,0.000000000000000000e+00,-2.632221984863281250e+01,-7.020896911621093750e+01,0.000000000000000000e+00,2.930000000000000000e+02,8.300000000000000000e+01,1.000000000000000000e+00,3.190000000000000000e+02,8.200000000000000000e+01,1.000000000000000000e+00,2.740000000000000000e+02,9.400000000000000000e+01,1.000000000000000000e+00,3.370000000000000000e+02,9.600000000000000000e+01,1.000000000000000000e+00,-2.632221984863281250e+01,-7.020896911621093750e+01,0.000000000000000000e+00,-2.632221984863281250e+01,-7.020896911621093750e+01,0.000000000000000000e+00,-2.632221984863281250e+01,-7.020896911621093750e+01,0.000000000000000000e+00,-2.632221984863281250e+01,-7.020896911621093750e+01,0.000000000000000000e+00,-2.632221984863281250e+01,-7.020896911621093750e+01,0.000000000000000000e+00,-2.632221984863281250e+01,-7.020896911621093750e+01,0.000000000000000000e+00,1.815304659941547660e+00,2.104125616666039367e+00,2.134112588286864565e+00,2.593401289075988991e+00
3.080000000000000000e+02,9.300000000000000000e+01,1.000000000000000000e+00,3.080000000000000000e+02,1.810000000000000000e+02,1.000000000000000000e+00,2.460000000000000000e+02,1.850000000000000000e+02,1.000000000000000000e+00,1.980000000000000000e+02,2.820000000000000000e+02,1.000000000000000000e+00,2.380000000000000000e+02,3.220000000000000000e+02,1.000000000000000000e+00,3.670000000000000000e+02,1.760000000000000000e+02,1.000000000000000000e+00,4.620000000000000000e+02,2.270000000000000000e+02,1.000000000000000000e+00,5.480000000000000000e+02,1.740000000000000000e+02,1.000000000000000000e+00,3.030000000000000000e+02,3.720000000000000000e+02,1.000000000000000000e+00,2.620000000000000000e+02,3.740000000000000000e+02,1.000000000000000000e+00,2.700077514648437500e+02,5.301025390625000000e+02,0.000000000000000000e+00,-2.644746398925781250e+01,-7.074949645996093750e+01,0.000000000000000000e+00,3.450000000000000000e+02,3.790000000000000000e+02,1.000000000000000000e+00,3.521362915039062500e+02,5.147706909179687500e+02,0.000000000000000000e+00,-2.644746398925781250e+01,-7.074949645996093750e+01,0.000000000000000000e+00,2.930000000000000000e+02,8.200000000000000000e+01,1.000000000000000000e+00,3.190000000000000000e+02,8.100000000000000000e+01,1.000000000000000000e+00,2.740000000000000000e+02,9.300000000000000000e+01,1.000000000000000000e+00,3.370000000000000000e+02,9.600000000000000000e+01,1.000000000000000000e+00,-2.644746398925781250e+01,-7.074949645996093750e+01,0.000000000000000000e+00,-2.644746398925781250e+01,-7.074949645996093750e+01,0.000000000000000000e+00,-2.644746398925781250e+01,-7.074949645996093750e+01,0.000000000000000000e+00,-2.644746398925781250e+01,-7.074949645996093750e+01,0.000000000000000000e+00,-2.644746398925781250e+01,-7.074949645996093750e+01,0.000000000000000000e+00,-2.644746398925781250e+01,-7.074949645996093750e+01,0.000000000000000000e+00,1.896679089076991342e+00,2.094738567335803658e+00,2.096604074548098495e+00,2.564363809903343672e+00
3.080000000000000000e+02,9.200000000000000000e+01,1.000000000000000000e+00,3.080000000000000000e+02,1.810000000000000000e+02,1.000000000000000000e+00,2.450000000000000000e+02,1.850000000000000000e+02,1.000000000000000000e+00,2.000000000000000000e+02,2.820000000000000000e+02,1.000000000000000000e+00,2.320000000000000000e+02,3.270000000000000000e+02,1.000000000000000000e+00,3.690000000000000000e+02,1.790000000000000000e+02,1.000000000000000000e+00,4.600000000000000000e+02,2.310000000000000000e+02,1.000000000000000000e+00,5.460000000000000000e+02,1.800000000000000000e+02,1.000000000000000000e+00,3.040000000000000000e+02,3.800000000000000000e+02,1.000000000000000000e+00,2.650000000000000000e+02,3.790000000000000000e+02,1.000000000000000000e+00,2.701167907714843750e+02,5.295640869140625000e+02,0.000000000000000000e+00,-2.661109924316406250e+01,-7.112873840332031250e+01,0.000000000000000000e+00,3.450000000000000000e+02,3.790000000000000000e+02,1.000000000000000000e+00,3.519933166503906250e+02,5.148715820312500000e+02,0.000000000000000000e+00,-2.661109924316406250e+01,-7.112873840332031250e+01,0.000000000000000000e+00,2.930000000000000000e+02,8.100000000000000000e+01,1.000000000000000000e+00,3.190000000000000000e+02,8.000000000000000000e+01,1.000000000000000000e+00,2.740000000000000000e+02,9.200000000000000000e+01,1.000000000000000000e+00,3.370000000000000000e+02,9.500000000000000000e+01,1.000000000000000000e+00,-2.661109924316406250e+01,-7.112873840332031250e+01,0.000000000000000000e+00,-2.661109924316406250e+01,-7.112873840332031250e+01,0.000000000000000000e+00,-2.661109924316406250e+01,-7.112873840332031250e+01,0.000000000000000000e+00,-2.661109924316406250e+01,-7.112873840332031250e+01,0.000000000000000000e+00,-2.661109924316406250e+01,-7.112873840332031250e+01,0.000000000000000000e+00,-2.661109924316406250e+01,-7.112873840332031250e+01,0.000000000000000000e+00,2.089081150999577918e+00,2.068570555416756385e+00,2.087172791253111281e+00,2.589671394939194737e+00
3.080000000000000000e+02,9.200000000000000000e+01,1.000000000000000000e+00,3.080000000000000000e+02,1.810000000000000000e+02,1.000000000000000000e+00,2.440000000000000000e+02,1.850000000000000000e+02,1.000000000000000000e+00,2.030000000000000000e+02,2.830000000000000000e+02,1.000000000000000000e+00,2.270000000000000000e+02,3.340000000000000000e+02,1.000000000000000000e+00,3.690000000000000000e+02,1.800000000000000000e+02,1.000000000000000000e+00,4.580000000000000000e+02,2.360000000000000000e+02,1.000000000000000000e+00,5.430000000000000000e+02,1.890000000000000000e+02,1.000000000000000000e+00,3.060000000000000000e+02,3.800000000000000000e+02,1.000000000000000000e+00,2.650000000000000000e+02,3.810000000000000000e+02,1.000000000000000000e+00,2.703375854492187500e+02,5.310192871093750000e+02,0.000000000000000000e+00,-2.660636901855468750e+01,-7.123542785644531250e+01,0.000000000000000000e+00,3.450000000000000000e+02,3.790000000000000000e+02,1.000000000000000000e+00,3.520220947265625000e+02,5.150688476562500000e+02,0.000000000000000000e+00,-2.660636901855468750e+01,-7.123542785644531250e+01,0.000000000000000000e+00,2.930000000000000000e+02,8.100000000000000000e+01,1.000000000000000000e+00,3.190000000000000000e+02,8.000000000000000000e+01,1.000000000000000000e+00,2.730000000000000000e+02,9.500000000000000000e+01,1.000000000000000000e+00,3.370000000000000000e+02,9.400000000000000000e+01,1.000000000000000000e+00,-2.660636901855468750e+01,-7.123542785644531250e+01,0.000000000000000000e+00,-2.660636901855468750e+01,-7.123542785644531250e+01,0.000000000000000000e+00,-2.660636901855468750e+01,-7.123542785644531250e+01,0.000000000000000000e+00,-2.660636901855468750e+01,-7.123542785644531250e+01,0.000000000000000000e+00,-2.660636901855468750e+01,-7.123542785644531250e+01,0.000000000000000000e+00,-2.660636901855468750e+01,-7.123542785644531250e+01,0.000000000000000000e+00,2.305510726163533253e+00,2.029454481401377741e+00,2.074870646858298251e+00,2.563577179609290546e+00
3.070000000000000000e+02,9.200000000000000000e+01,1.000000000000000000e+00,3.080000000000000000e+02,1.810000000000000000e+02,1.000000000000000000e+00,2.460000000000000000e+02,1.850000000000000000e+02,1.000000000000000000e+00,2.110000000000000000e+02,2.800000000000000000e+02,1.000000000000000000e+00,2.190000000000000000e+02,3.450000000000000000e+02,1.000000000000000000e+00,3.690000000000000000e+02,1.810000000000000000e+02,1.000000000000000000e+00,4.550000000000000000e+02,2.420000000000000000e+02,1.000000000000000000e+00,5.400000000000000000e+02,2.010000000000000000e+02,1.000000000000000000e+00,3.060000000000000000e+02,3.800000000000000000e+02,1.000000000000000000e+00,2.640000000000000000e+02,3.780000000000000000e+02,1.000000000000000000e+00,2.706047973632812500e+02,5.309845581054687500e+02,0.000000000000000000e+00,-2.668420410156250000e+01,-7.145018005371093750e+01,0.000000000000000000e+00,3.450000000000000000e+02,3.790000000000000000e+02,1.000000000000000000e+00,3.521071166992187500e+02,5.152446289062500000e+02,0.000000000000000000e+00,-2.668420410156250000e+01,-7.145018005371093750e+01,0.000000000000000000e+00,2.920000000000000000e+02,8.100000000000000000e+01,1.000000000000000000e+00,3.190000000000000000e+02,8.000000000000000000e+01,1.000000000000000000e+00,2.720000000000000000e+02,9.500000000000000000e+01,1.000000000000000000e+00,3.370000000000000000e+02,9.400000000000000000e+01,1.000000000000000000e+00,-2.668420410156250000e+01,-7.145018005371093750e+01,0.000000000000000000e+00,-2.668420410156250000e+01,-7.145018005371093750e+01,0.000000000000000000e+00,-2.668420410156250000e+01,-7.145018005371093750e+01,0.000000000000000000e+00,-2.668420410156250000e+01,-7.145018005371093750e+01,0.000000000000000000e+00,-2.668420410156250000e+01,-7.145018005371093750e+01,0.000000000000000000e+00,-2.668420410156250000e+01,-7.145018005371093750e+01,0.000000000000000000e+00,2.666141208345540914e+00,1.988213554047360665e+00,2.075220205570940557e+00,2.524650763042257662e+00
3.070000000000000000e+02,9.200000000000000000e+01,1.000000000000000000e+00,3.080000000000000000e+02,1.810000000000000000e+02,1.000000000000000000e+00,2.460000000000000000e+02,1.870000000000000000e+02,1.000000000000000000e+00,2.110000000000000000e+02,2.830000000000000000e+02,1.000000000000000000e+00,2.130000000000000000e+02,3.560000000000000000e+02,1.000000000000000000e+00,3.690000000000000000e+02,1.820000000000000000e+02,1.000000000000000000e+00,4.490000000000000000e+02,2.480000000000000000e+02,1.000000000000000000e+00,5.350000000000000000e+02,2.170000000000000000e+02,1.000000000000000000e+00,3.070000000000000000e+02,3.800000000000000000e+02,1.000000000000000000e+00,2.640000000000000000e+02,3.720000000000000000e+02,1.000000000000000000e+00,2.713750610351562500e+02,5.437058105468750000e+02,0.000000000000000000e+00,-2.669792175292968750e+01,-7.230192565917968750e+01,0.000000000000000000e+00,3.450000000000000000e+02,3.790000000000000000e+02,1.000000000000000000e+00,3.524629821777343750e+02,5.153390502929687500e+02,0.000000000000000000e+00,-2.669792175292968750e+01,-7.230192565917968750e+01,0.000000000000000000e+00,2.920000000000000000e+02,8.100000000000000000e+01,1.000000000000000000e+00,3.190000000000000000e+02,8.000000000000000000e+01,1.000000000000000000e+00,2.720000000000000000e+02,9.500000000000000000e+01,1.000000000000000000e+00,3.370000000000000000e+02,9.400000000000000000e+01,1.000000000000000000e+00,-2.669792175292968750e+01,-7.230192565917968750e+01,0.000000000000000000e+00,-2.669792175292968750e+01,-7.230192565917968750e+01,0.000000000000000000e+00,-2.669792175292968750e+01,-7.230192565917968750e+01,0.000000000000000000e+00,-2.669792175292968750e+01,-7.230192565917968750e+01,0.000000000000000000e+00,-2.669792175292968750e+01,-7.230192565917968750e+01,0.000000000000000000e+00,-2.669792175292968750e+01,-7.230192565917968750e+01,0.000000000000000000e+00,2.764595121324529003e+00,2.016877225767885307e+00,2.105825336243388968e+00,2.468184583164190649e+00
3.070000000000000000e+02,9.200000000000000000e+01,1.000000000000000000e+00,3.080000000000000000e+02,1.810000000000000000e+02,1.000000000000000000e+00,2.460000000000000000e+02,1.860000000000000000e+02,1.000000000000000000e+00,2.100000000000000000e+02,2.850000000000000000e+02,1.000000000000000000e+00,2.090000000000000000e+02,3.660000000000000000e+02,1.000000000000000000e+00,3.670000000000000000e+02,1.820000000000000000e+02,1.000000000000000000e+00,4.440000000000000000e+02,2.550000000000000000e+02,1.000000000000000000e+00,5.300000000000000000e+02,2.370000000000000000e+02,1.000000000000000000e+00,3.030000000000000000e+02,3.780000000000000000e+02,1.000000000000000000e+00,2.580000000000000000e+02,3.740000000000000000e+02,1.000000000000000000e+00,2.738464965820312500e+02,5.434024047851562500e+02,0.000000000000000000e+00,-2.669017028808593750e+01,-7.146836853027343750e+01,0.000000000000000000e+00,3.460000000000000000e+02,3.790000000000000000e+02,1.000000000000000000e+00,3.529338989257812500e+02,5.151430664062500000e+02,0.000000000000000000e+00,-2.669017028808593750e+01,-7.146836853027343750e+01,0.000000000000000000e+00,2.910000000000000000e+02,8.200000000000000000e+01,1.000000000000000000e+00,3.180000000000000000e+02,8.000000000000000000e+01,1.000000000000000000e+00,2.710000000000000000e+02,9.600000000000000000e+01,1.000000000000000000e+00,3.370000000000000000e+02,9.400000000000000000e+01,1.000000000000000000e+00,-2.669017028808593750e+01,-7.146836853027343750e+01,0.000000000000000000e+00,-2.669017028808593750e+01,-7.146836853027343750e+01,0.000000000000000000e+00,-2.669017028808593750e+01,-7.146836853027343750e+01,0.000000000000000000e+00,-2.669017028808593750e+01,-7.146836853027343750e+01,0.000000000000000000e+00,-2.669017028808593750e+01,-7.146836853027343750e+01,0.000000000000000000e+00,-2.669017028808593750e+01,-7.146836853027343750e+01,0.000000000000000000e+00,2.805166701850110744e+00,2.000038341644264417e+00,2.176530944537225398e+00,2.399802368373348038e+00
3.070000000000000000e+02,9.300000000000000000e+01,1.000000000000000000e+00,3.080000000000000000e+02,1.810000000000000000e+02,1.000000000000000000e+00,2.470000000000000000e+02,1.860000000000000000e+02,1.000000000000000000e+00,2.120000000000000000e+02,2.890000000000000000e+02,1.000000000000000000e+00,2.030000000000000000e+02,3.780000000000000000e+02,1.000000000000000000e+00,3.670000000000000000e+02,1.840000000000000000e+02,1.000000000000000000e+00,4.390000000000000000e+02,2.630000000000000000e+02,1.000000000000000000e+00,5.210000000000000000e+02,2.570000000000000000e+02,1.000000000000000000e+00,3.030000000000000000e+02,3.780000000000000000e+02,1.000000000000000000e+00,2.590000000000000000e+02,3.740000000000000000e+02,1.000000000000000000e+00,2.714404296875000000e+02,5.496189575195312500e+02,0.000000000000000000e+00,-2.638851928710937500e+01,-7.064807128906250000e+01,0.000000000000000000e+00,3.470000000000000000e+02,3.790000000000000000e+02,1.000000000000000000e+00,3.533811035156250000e+02,5.168613281250000000e+02,0.000000000000000000e+00,-2.638851928710937500e+01,-7.064807128906250000e+01,0.000000000000000000e+00,2.910000000000000000e+02,8.300000000000000000e+01,1.000000000000000000e+00,3.170000000000000000e+02,8.100000000000000000e+01,1.000000000000000000e+00,2.700000000000000000e+02,9.600000000000000000e+01,1.000000000000000000e+00,3.370000000000000000e+02,9.400000000000000000e+01,1.000000000000000000e+00,-2.638851928710937500e+01,-7.064807128906250000e+01,0.000000000000000000e+00,-2.638851928710937500e+01,-7.064807128906250000e+01,0.000000000000000000e+00,-2.638851928710937500e+01,-7.064807128906250000e+01,0.000000000000000000e+00,-2.638851928710937500e+01,-7.064807128906250000e+01,0.000000000000000000e+00,-2.638851928710937500e+01,-7.064807128906250000e+01,0.000000000000000000e+00,-2.638851928710937500e+01,-7.064807128906250000e+01,0.000000000000000000e+00,2.914809210295977060e+00,1.980145149791376458e+00,2.236829474188618772e+00,2.360673743549959624e+00
3.060000000000000000e+02,9.400000000000000000e+01,1.000000000000000000e+00,3.080000000000000000e+02,1.810000000000000000e+02,1.000000000000000000e+00,2.470000000000000000e+02,1.870000000000000000e+02,1.000000000000000000e+00,2.130000000000000000e+02,2.920000000000000000e+02,1.000000000000000000e+00,2.000000000000000000e+02,3.940000000000000000e+02,1.000000000000000000e+00,3.670000000000000000e+02,1.850000000000000000e+02,1.000000000000000000e+00,4.270000000000000000e+02,2.660000000000000000e+02,1.000000000000000000e+00,5.130000000000000000e+02,2.810000000000000000e+02,1.000000000000000000e+00,3.030000000000000000e+02,3.780000000000000000e+02,1.000000000000000000e+00,2.590000000000000000e+02,3.740000000000000000e+02,1.000000000000000000e+00,2.699829406738281250e+02,5.558680419921875000e+02,0.000000000000000000e+00,-2.570172119140625000e+01,-7.077633666992187500e+01,0.000000000000000000e+00,3.470000000000000000e+02,3.790000000000000000e+02,1.000000000000000000e+00,3.532247009277343750e+02,5.173878173828125000e+02,0.000000000000000000e+00,-2.570172119140625000e+01,-7.077633666992187500e+01,0.000000000000000000e+00,2.900000000000000000e+02,8.400000000000000000e+01,1.000000000000000000e+00,3.160000000000000000e+02,8.100000000000000000e+01,1.000000000000000000e+00,2.690000000000000000e+02,9.700000000000000000e+01,1.000000000000000000e+00,3.370000000000000000e+02,9.400000000000000000e+01,1.000000000000000000e+00,-2.570172119140625000e+01,-7.077633666992187500e+01,0.000000000000000000e+00,-2.570172119140625000e+01,-7.077633666992187500e+01,0.000000000000000000e+00,-2.570172119140625000e+01,-7.077633666992187500e+01,0.000000000000000000e+00,-2.570172119140625000e+01,-7.077633666992187500e+01,0.000000000000000000e+00,-2.570172119140625000e+01,-7.077633666992187500e+01,0.000000000000000000e+00,-2.570172119140625000e+01,-7.077633666992187500e+01,0.000000000000000000e+00,2.955205411120463310e+00,1.981996381659427264e+00,2.381026616551594977e+00,2.276038147627557962e+00
3.060000000000000000e+02,9.500000000000000000e+01,1.000000000000000000e+00,3.080000000000000000e+02,1.810000000000000000e+02,1.000000000000000000e+00,2.470000000000000000e+02,1.880000000000000000e+02,1.000000000000000000e+00,2.150000000000000000e+02,2.950000000000000000e+02,1.000000000000000000e+00,1.970000000000000000e+02,4.070000000000000000e+02,1.000000000000000000e+00,3.670000000000000000e+02,1.860000000000000000e+02,1.000000000000000000e+00,4.220000000000000000e+02,2.750000000000000000e+02,1.000000000000000000e+00,4.930000000000000000e+02,3.000000000000000000e+02,1.000000000000000000e+00,3.020000000000000000e+02,3.810000000000000000e+02,1.000000000000000000e+00,2.600000000000000000e+02,3.780000000000000000e+02,1.000000000000000000e+00,2.689732055664062500e+02,5.531405029296875000e+02,0.000000000000000000e+00,-2.540501403808593750e+01,-7.033311462402343750e+01,0.000000000000000000e+00,3.470000000000000000e+02,3.840000000000000000e+02,1.000000000000000000e+00,3.531244201660156250e+02,5.168898315429687500e+02,0.000000000000000000e+00,-2.540501403808593750e+01,-7.033311462402343750e+01,0.000000000000000000e+00,2.900000000000000000e+02,8.400000000000000000e+01,1.000000000000000000e+00,3.160000000000000000e+02,8.100000000000000000e+01,1.000000000000000000e+00,2.680000000000000000e+02,9.700000000000000000e+01,1.000000000000000000e+00,3.370000000000000000e+02,9.400000000000000000e+01,1.000000000000000000e+00,-2.540501403808593750e+01,-7.033311462402343750e+01,0.000000000000000000e+00,-2.540501403808593750e+01,-7.033311462402343750e+01,0.000000000000000000e+00,-2.540501403808593750e+01,-7.033311462402343750e+01,0.000000000000000000e+00,-2.540501403808593750e+01,-7.033311462402343750e+01,0.000000000000000000e+00,-2.540501403808593750e+01,-7.033311462402343750e+01,0.000000000000000000e+00,-2.540501403808593750e+01,-7.033311462402343750e+01,0.000000000000000000e+00,3.010345132738674323e+00,1.975649816511371393e+00,2.462885524254640135e+00,2.208873584855954419e+00
3.060000000000000000e+02,9.500000000000000000e+01,1.000000000000000000e+00,3.080000000000000000e+02,1.810000000000000000e+02,1.000000000000000000e+00,2.470000000000000000e+02,1.890000000000000000e+02,1.000000000000000000e+00,2.160000000000000000e+02,2.980000000000000000e+02,1.000000000000000000e+00,1.970000000000000000e+02,4.080000000000000000e+02,1.000000000000000000e+00,3.660000000000000000e+02,1.850000000000000000e+02,1.000000000000000000e+00,4.140000000000000000e+02,2.820000000000000000e+02,1.000000000000000000e+00,4.820000000000000000e+02,3.270000000000000000e+02,1.000000000000000000e+00,3.020000000000000000e+02,3.810000000000000000e+02,1.000000000000000000e+00,2.580000000000000000e+02,3.800000000000000000e+02,1.000000000000000000e+00,2.685367736816406250e+02,5.505867919921875000e+02,0.000000000000000000e+00,-2.537939453125000000e+01,-7.039187622070312500e+01,0.000000000000000000e+00,3.480000000000000000e+02,3.840000000000000000e+02,1.000000000000000000e+00,3.531004333496093750e+02,5.175737304687500000e+02,0.000000000000000000e+00,-2.537939453125000000e+01,-7.039187622070312500e+01,0.000000000000000000e+00,2.900000000000000000e+02,8.400000000000000000e+01,1.000000000000000000e+00,3.160000000000000000e+02,8.100000000000000000e+01,1.000000000000000000e+00,2.680000000000000000e+02,9.700000000000000000e+01,1.000000000000000000e+00,3.370000000000000000e+02,9.400000000000000000e+01,1.000000000000000000e+00,-2.537939453125000000e+01,-7.039187622070312500e+01,0.000000000000000000e+00,-2.537939453125000000e+01,-7.039187622070312500e+01,0.000000000000000000e+00,-2.537939453125000000e+01,-7.039187622070312500e+01,0.000000000000000000e+00,-2.537939453125000000e+01,-7.039187622070312500e+01,0.000000000000000000e+00,-2.537939453125000000e+01,-7.039187622070312500e+01,0.000000000000000000e+00,-2.537939453125000000e+01,-7.039187622070312500e+01,0.000000000000000000e+00,3.035544740672095898e+00,1.978287173070651050e+00,2.614912984030576482e+00,2.099168217211294873e+00
3.060000000000000000e+02,9.500000000000000000e+01,1.000000000000000000e+00,3.080000000000000000e+02,1.810000000000000000e+02,1.000000000000000000e+00,2.470000000000000000e+02,1.890000000000000000e+02,1.000000000000000000e+00,2.170000000000000000e+02,2.990000000000000000e+02,1.000000000000000000e+00,1.990000000000000000e+02,3.940000000000000000e+02,1.000000000000000000e+00,3.660000000000000000e+02,1.860000000000000000e+02,1.000000000000000000e+00,4.080000000000000000e+02,2.870000000000000000e+02,1.000000000000000000e+00,4.700000000000000000e+02,3.580000000000000000e+02,1.000000000000000000e+00,3.020000000000000000e+02,3.840000000000000000e+02,1.000000000000000000e+00,2.590000000000000000e+02,3.800000000000000000e+02,1.000000000000000000e+00,2.684445190429687500e+02,5.394237060546875000e+02,0.000000000000000000e+00,-2.527934265136718750e+01,-7.072447204589843750e+01,0.000000000000000000e+00,3.480000000000000000e+02,3.840000000000000000e+02,1.000000000000000000e+00,3.534662475585937500e+02,5.174437255859375000e+02,0.000000000000000000e+00,-2.527934265136718750e+01,-7.072447204589843750e+01,0.000000000000000000e+00,2.900000000000000000e+02,8.400000000000000000e+01,1.000000000000000000e+00,3.160000000000000000e+02,8.100000000000000000e+01,1.000000000000000000e+00,2.680000000000000000e+02,9.700000000000000000e+01,1.000000000000000000e+00,3.370000000000000000e+02,9.400000000000000000e+01,1.000000000000000000e+00,-2.527934265136718750e+01,-7.072447204589843750e+01,0.000000000000000000e+00,-2.527934265136718750e+01,-7.072447204589843750e+01,0.000000000000000000e+00,-2.527934265136718750e+01,-7.072447204589843750e+01,0.000000000000000000e+00,-2.527934265136718750e+01,-7.072447204589843750e+01,0.000000000000000000e+00,-2.527934265136718750e+01,-7.072447204589843750e+01,0.000000000000000000e+00,-2.527934265136718750e+01,-7.072447204589843750e+01,0.000000000000000000e+00,3.062594524172350674e+00,1.967451683834955389e+00,2.817848542564080905e+00,2.050878502924374569e+00
3.060000000000000000e+02,9.500000000000000000e+01,1.000000000000000000e+00,3.080000000000000000e+02,1.810000000000000000e+02,1.000000000000000000e+00,2.470000000000000000e+02,1.890000000000000000e+02,1.000000000000000000e+00,2.170000000000000000e+02,2.990000000000000000e+02,1.000000000000000000e+00,2.010000000000000000e+02,3.930000000000000000e+02,1.000000000000000000e+00,3.670000000000000000e+02,1.870000000000000000e+02,1.000000000000000000e+00,4.000000000000000000e+02,2.940000000000000000e+02,1.000000000000000000e+00,4.500000000000000000e+02,3.800000000000000000e+02,1.000000000000000000e+00,3.030000000000000000e+02,3.840000000000000000e+02,1.000000000000000000e+00,2.610000000000000000e+02,3.820000000000000000e+02,1.000000000000000000e+00,2.676057128906250000e+02,5.320814208984375000e+02,0.000000000000000000e+00,-2.570162963867187500e+01,-7.111328125000000000e+01,0.000000000000000000e+00,3.470000000000000000e+02,3.840000000000000000e+02,1.000000000000000000e+00,3.537771606445312500e+02,5.178264160156250000e+02,0.000000000000000000e+00,-2.570162963867187500e+01,-7.111328125000000000e+01,0.000000000000000000e+00,2.900000000000000000e+02,8.400000000000000000e+01,1.000000000000000000e+00,3.160000000000000000e+02,8.100000000000000000e+01,1.000000000000000000e+00,2.680000000000000000e+02,9.700000000000000000e+01,1.000000000000000000e+00,3.370000000000000000e+02,9.400000000000000000e+01,1.000000000000000000e+00,-2.570162963867187500e+01,-7.111328125000000000e+01,0.000000000000000000e+00,-2.570162963867187500e+01,-7.111328125000000000e+01,0.000000000000000000e+00,-2.570162963867187500e+01,-7.111328125000000000e+01,0.000000000000000000e+00,-2.570162963867187500e+01,-7.111328125000000000e+01,0.000000000000000000e+00,-2.570162963867187500e+01,-7.111328125000000000e+01,0.000000000000000000e+00,-2.570162963867187500e+01,-7.111328125000000000e+01,0.000000000000000000e+00,3.043937544048298083e+00,1.967451683834955389e+00,2.914120912465986812e+00,1.971298360370507874e+00
3.060000000000000000e+02,9.500000000000000000e+01,1.000000000000000000e+00,3.100000000000000000e+02,1.830000000000000000e+02,1.000000000000000000e+00,2.470000000000000000e+02,1.890000000000000000e+02,1.000000000000000000e+00,2.190000000000000000e+02,2.970000000000000000e+02,1.000000000000000000e+00,2.040000000000000000e+02,3.910000000000000000e+02,1.000000000000000000e+00,3.680000000000000000e+02,1.880000000000000000e+02,1.000000000000000000e+00,3.940000000000000000e+02,2.960000000000000000e+02,1.000000000000000000e+00,4.270000000000000000e+02,3.950000000000000000e+02,1.000000000000000000e+00,3.040000000000000000e+02,3.840000000000000000e+02,1.000000000000000000e+00,2.610000000000000000e+02,3.820000000000000000e+02,1.000000000000000000e+00,2.675283813476562500e+02,5.316807861328125000e+02,0.000000000000000000e+00,-2.567936706542968750e+01,-7.082109069824218750e+01,0.000000000000000000e+00,3.450000000000000000e+02,3.840000000000000000e+02,1.000000000000000000e+00,3.538554077148437500e+02,5.178676757812500000e+02,0.000000000000000000e+00,-2.567936706542968750e+01,-7.082109069824218750e+01,0.000000000000000000e+00,2.900000000000000000e+02,8.400000000000000000e+01,1.000000000000000000e+00,3.160000000000000000e+02,8.100000000000000000e+01,1.000000000000000000e+00,2.680000000000000000e+02,9.700000000000000000e+01,1.000000000000000000e+00,3.360000000000000000e+02,9.200000000000000000e+01,1.000000000000000000e+00,-2.567936706542968750e+01,-7.082109069824218750e+01,0.000000000000000000e+00,-2.567936706542968750e+01,-7.082109069824218750e+01,0.000000000000000000e+00,-2.567936706542968750e+01,-7.082109069824218750e+01,0.000000000000000000e+00,-2.567936706542968750e+01,-7.082109069824218750e+01,0.000000000000000000e+00,-2.567936706542968750e+01,-7.082109069824218750e+01,0.000000000000000000e+00,-2.567936706542968750e+01,-7.082109069824218750e+01,0.000000000000000000e+00,3.046158881902029325e+00,1.919422129276295630e+00,3.056087359911588308e+00,1.893035878707574948e+00
